"x" "y" "z"
-194.042242 0.22189 30.195476
-203.3229 1.928557 20.081308
-200.250107 3.588368 23.93247
-205.875337 3.577224 14.820966
-193.173936 9.531855 29.667388
-206.59246 4.75142 12.235078
-198.129293 10.86247 24.376122
-194.702247 14.418339 26.538214
-203.747996 9.776161 16.514514
-200.10612 16.358458 18.085368
-206.222586 8.914028 9.060891
-202.389239 15.861963 13.517832
-202.133837 17.367571 11.519027
-205.724268 11.479502 7.337062
-201.421105 19.561664 7.269992
-206.709878 7.365864 2.367553
-199.034942 22.445089 4.707599
-203.694193 15.384931 2.840173
-193.515463 27.76178 2.680117
-200.403542 19.64446 0.57813
-195.410612 24.852012 -0.931626
-204.117985 12.188004 -1.347803
-197.571956 21.363086 -4.072653
-201.958079 14.233 -4.559744
-191.429766 24.904573 -8.453211
-198.931069 16.662231 -7.571701
-189.887635 23.534816 -11.797388
-199.515239 12.180061 -10.218147
-191.076771 19.686332 -14.75795
-203.945418 5.828842 -7.000251
-181.308969 18.07534 -23.911023
-198.161545 9.702048 -13.50687
-207.376255 -0.267968 0.497022
-191.343043 11.255109 -19.46307
-196.330788 6.75231 -16.526065
-202.325587 3.32766 -10.368152
-190.676092 0.984526 -22.004372
-199.802043 1.618969 -13.768452
-188.288092 0.660628 34.682873
-191.091283 4.45692 32.245146
-186.067035 6.963182 35.537164
-196.234191 5.601176 27.782219
-182.297717 12.520199 36.486451
-188.333516 10.146889 33.207069
-189.779735 18.293906 28.671622
-184.574452 23.675193 28.946245
-183.931928 19.934001 31.930144
-193.92042 21.579571 21.85662
-188.452037 26.228642 22.806805
-193.288416 24.834199 18.665706
-194.5809 26.187927 13.195102
-196.324192 25.089606 10.408299
-187.252612 31.711884 14.181955
-194.228433 27.53898 7.251128
-187.856355 31.863334 11.363554
-188.057609 31.955905 7.593751
-182.260533 35.293657 5.728579
-188.285372 31.548939 3.203839
-182.966218 34.448255 1.152874
-189.606102 29.797819 -1.461313
-185.844026 31.495045 -3.612098
-192.370014 25.493837 -5.651594
-172.701933 35.481069 -11.806888
-183.299808 28.990776 -12.008472
-176.445154 31.590371 -14.607389
-195.64739 18.063483 -10.912993
-184.028757 23.375301 -17.765089
-193.83527 14.244152 -15.650232
-188.594306 17.762117 -18.393715
-183.953355 19.035192 -21.217297
-184.149092 10.623636 -25.333709
-187.376636 12.386005 -22.087837
-187.875279 5.917727 -23.66888
-193.254013 4.681806 -19.694338
-175.533377 2.267232 -32.597071
-182.079881 1.019456 -28.311385
-180.289464 3.006686 39.406971
-183.06686 5.067728 37.644571
-176.710865 8.596737 40.338491
-179.450609 11.228337 38.480193
-184.386322 15.38966 34.092246
-189.20346 14.854578 31.045605
-179.751697 19.65658 35.069035
-173.689873 23.252713 36.205219
-179.71569 25.041517 31.275558
-186.146979 25.221001 26.171012
-179.219455 28.500901 28.580485
-181.562578 29.862522 24.65321
-184.568579 30.391402 20.875937
-189.079124 29.123311 17.612895
-181.956878 33.410122 18.117458
-180.248637 35.475485 14.580498
-176.500864 37.868589 11.360846
-180.877624 36.042405 9.430064
-175.052435 39.037997 6.21414
-176.252022 38.133768 2.849872
-171.270817 40.29187 0.749963
-178.619131 36.166521 -1.216814
-180.91323 33.717628 -5.795481
-185.17432 29.901277 -8.110807
-166.020099 39.299066 -11.008615
-168.871186 35.925343 -14.811856
-170.143506 33.059853 -18.255342
-184.104902 26.126986 -14.881478
-178.81837 25.487493 -20.185231
-176.374832 24.622321 -22.719472
-178.608932 16.525072 -26.817458
-171.31303 22.437183 -28.2382
-175.638498 14.966557 -29.389983
-181.310675 8.857454 -27.806936
-169.138972 14.279312 -33.813917
-174.160471 10.533286 -32.045304
-165.095882 5.466338 -38.602225
-185.30247 0.936347 -26.142427
-171.188387 2.954131 43.768972
-175.152883 4.966023 41.793437
-170.897993 8.788069 43.193276
-172.064532 12.73725 41.607635
-174.525184 15.16939 39.612666
-168.73852 18.556837 41.026408
-167.137548 24.715584 38.384006
-171.33299 20.823177 38.762305
-169.354208 27.186209 35.611038
-176.624421 24.53093 33.586314
-173.740446 29.70112 30.916982
-173.043431 32.664677 27.823743
-176.367476 32.584714 25.452218
-177.908977 33.985489 21.82884
-174.779694 36.902111 18.878682
-173.909364 38.371404 15.399307
-169.242749 40.883786 12.568929
-170.388531 40.81217 8.894027
-161.852894 44.61627 4.721593
-167.925809 42.049018 5.21698
-165.72485 42.64152 1.025782
-174.552844 37.687902 -3.588386
-174.22134 36.649969 -7.577261
-178.414973 32.932982 -10.097865
-162.367661 39.398885 -14.690341
-163.820812 36.566446 -18.38361
-164.555522 33.632899 -22.138852
-176.894072 29.403568 -17.350563
-169.168016 28.700351 -24.177195
-174.286366 22.866586 -25.70825
-166.250991 24.596446 -30.092237
-165.197109 20.972954 -33.032913
-170.759021 18.092858 -31.178462
-162.588347 12.812043 -38.557965
-167.058947 10.555052 -36.425963
-171.531659 6.692622 -34.452409
-160.641786 7.509694 -40.848077
-169.265378 2.289577 -36.488165
-164.18697 -0.5183 46.598527
-167.629015 3.032779 45.247501
-164.476572 6.82344 46.106009
-167.269127 10.044183 44.473334
-167.144543 15.735298 42.777952
-163.486842 14.605967 44.640578
-163.897548 23.546252 40.554827
-160.111987 27.99078 39.101739
-163.34815 29.339178 36.594514
-170.50803 29.380831 32.803991
-164.305281 31.788885 33.736693
-166.125453 33.955482 30.534759
-168.74105 36.975906 24.355361
-171.194561 36.941683 22.259427
-164.262792 40.607306 20.408696
-168.233815 39.942174 18.196624
-165.089044 42.136022 14.693479
-163.487163 43.643544 9.27524
-151.25512 48.083129 10.401607
-157.005421 46.429233 7.900324
-158.23704 45.884556 0.705186
-161.866351 43.943894 -2.715466
-161.386422 43.205308 -6.578366
-167.848023 39.907961 -7.518849
-157.110507 41.102532 -16.738607
-158.619313 38.02484 -20.623093
-154.395198 38.453142 -23.285632
-171.173177 30.157084 -21.165961
-161.027782 30.153957 -28.674558
-165.998439 28.659081 -26.601808
-160.43405 26.761945 -32.031391
-159.325089 23.664674 -35.157849
-153.874795 19.934032 -40.451288
-163.725656 17.552977 -35.876352
-152.627374 15.054489 -43.097053
-155.696241 8.990925 -43.301464
-151.303465 8.752481 -45.531975
-162.036366 0.641783 -40.694964
-156.512506 1.929849 49.208583
-161.248931 2.804224 47.650224
-159.165455 7.092055 47.983691
-161.320896 11.1486 46.440095
-157.799544 14.923041 46.561996
-159.291987 18.998211 44.6335
-162.440958 20.249082 42.791735
-158.122456 24.945278 41.937301
-154.298211 29.813908 40.181534
-156.941242 32.155804 36.86613
-158.238891 34.504489 33.912541
-159.96447 36.280131 30.989672
-160.006399 38.570972 27.68515
-162.672784 39.205646 24.865095
-158.961796 42.052141 21.90557
-159.769721 43.492696 17.048472
-154.285286 46.227858 14.355027
-159.498557 44.892195 12.221888
-148.570266 49.493852 6.418493
-154.555452 47.596957 4.024231
-150.869981 48.757745 -0.363111
-154.560371 46.894851 -3.57458
-155.104023 45.798013 -7.701599
-159.608351 42.536072 -10.808014
-149.62174 45.333544 -15.760247
-151.993645 42.340082 -19.500589
-149.977364 38.854237 -26.318793
-160.699621 33.851085 -24.698043
-150.037107 36.028572 -29.746951
-155.429469 31.85861 -30.76645
-154.340003 28.98175 -34.22298
-154.060915 24.805068 -37.525136
-149.177165 25.325546 -39.891553
-157.669201 13.828759 -40.910325
-142.916956 15.606739 -47.446887
-148.190817 14.823955 -45.304484
-148.297265 4.258298 -47.507762
-153.298321 2.131668 -45.364971
-151.675879 1.841123 50.701306
-153.91936 6.199629 49.763834
-148.611908 6.257324 51.233906
-155.548984 10.826822 48.504852
-152.346492 15.209844 48.29569
-153.979921 18.980906 46.473056
-148.391816 19.360217 48.008639
-151.893692 27.409028 42.657883
-147.092303 31.857836 41.050009
-150.575463 33.50684 38.255829
-151.780549 36.168129 35.262871
-152.551309 38.548693 32.018835
-154.011954 40.270892 28.917612
-154.419001 42.36419 24.931799
-150.015934 45.194878 22.214678
-154.167194 44.912572 19.118696
-148.552507 47.556535 16.949742
-146.061201 49.228309 12.916144
-139.869424 51.912653 4.723836
-146.503246 50.21065 2.42672
-144.461958 50.693785 -2.639084
-148.174389 49.002669 -6.106087
-149.472762 47.505681 -10.276309
-154.660666 44.05651 -13.107517
-145.080533 45.875588 -19.146306
-147.617552 42.479199 -22.783903
-143.321583 42.514231 -26.165247
-155.771197 34.804243 -26.98873
-142.79734 37.461409 -32.846542
-148.890383 33.602909 -33.26593
-143.057961 34.172952 -36.139278
-148.820666 29.829619 -36.661019
-144.163592 25.587207 -42.264888
-148.883492 20.502338 -42.740676
-136.752261 15.409116 -50.154466
-146.07934 10.234858 -47.614084
-142.955072 5.921652 -49.583488
-144.167619 0.298899 -49.483012
-140.495288 1.287931 53.448217
-146.358928 1.873515 52.175321
-143.201034 5.933204 52.548082
-150.608701 10.571997 50.030673
-147.079364 15.021989 49.833019
-143.33819 19.865354 49.158161
-144.809188 24.476591 46.736371
-146.400802 28.267903 43.990435
-141.091605 32.338868 42.63744
-142.219545 35.798024 39.189939
-145.163753 37.336276 36.556153
-145.864021 40.112882 33.157515
-146.57663 42.318434 29.620679
-147.957149 44.051103 26.271907
-142.063752 46.875659 23.835018
-143.94024 47.870542 20.138991
-140.883675 50.030359 16.34546
-142.992648 50.812781 8.734312
-135.658837 52.592385 8.397447
-139.558738 52.239196 0.215857
-138.022295 52.304174 -4.637074
-141.78556 50.611969 -8.248221
-138.334078 51.137865 -11.394986
-145.060049 48.358097 -13.096849
-136.408137 49.082442 -19.555317
-140.780616 45.908514 -22.591179
-137.55728 43.105662 -29.223887
-143.911696 39.582886 -29.566138
-136.660749 38.250174 -35.684596
-138.040954 34.408973 -38.856853
-138.815847 29.944014 -41.991431
-143.826882 30.010074 -39.256204
-139.328051 25.126363 -44.807825
-144.177752 20.297993 -44.89334
-138.867278 20.306747 -47.489557
-140.552612 11.21671 -49.654808
-137.182192 6.891054 -51.835354
-138.722774 2.038328 -51.707915
-133.569467 1.013178 54.979775
-137.133164 5.064256 53.910911
-139.952086 10.023219 52.824041
-145.253268 10.647409 51.409466
-141.856061 14.985668 51.125087
-138.039085 18.995623 50.615599
-139.359234 23.982934 48.309451
-140.582387 28.34851 45.490325
-135.170627 32.003218 44.267316
-135.960871 35.761933 41.137325
-136.333289 39.237776 37.721871
-139.098813 41.023043 34.721318
-139.441021 43.468466 31.238775
-140.349718 45.50475 27.668188
-134.51284 48.618576 24.161766
-136.292223 49.979331 20.036633
-132.363412 51.974805 16.167354
-138.666629 51.240213 12.504498
-129.379329 54.261104 6.950366
-133.367844 53.56975 3.404525
-132.720922 53.812272 -2.172414
-132.988012 53.358265 -7.923929
-133.683623 51.971761 -13.992324
-130.723899 51.942221 -16.97644
-132.734367 48.766844 -22.919636
-135.811427 45.98244 -25.982537
-130.161371 45.858154 -29.657226
-135.837077 41.278566 -32.431021
-129.883271 41.469208 -35.896841
-131.51374 37.960288 -38.92359
-132.957787 33.973737 -41.788116
-133.673348 29.536438 -44.707267
-129.121409 28.003444 -47.922091
-134.120316 24.712226 -47.396945
-133.241597 19.895548 -50.077854
-133.377173 10.148776 -52.870907
-127.40973 9.515777 -55.52878
-132.060099 2.74521 -54.291556
-127.00809 0.831936 56.118051
-131.104386 4.485782 55.320825
-134.264468 9.166164 54.052663
-136.406225 14.135953 52.650229
-133.028311 17.826048 52.209263
-134.347883 22.944705 49.975745
-130.193553 26.358559 49.084562
-130.124214 31.063247 46.290029
-130.412966 35.104211 43.182417
-130.688806 38.875012 39.782613
-127.700935 41.867989 37.494874
-131.843764 42.772458 35.297908
-132.337636 44.91446 32.024752
-132.858445 47.05649 28.312559
-127.940666 49.813954 25.26705
-129.385059 51.165981 20.91103
-125.868191 53.129666 17.744087
-130.938813 52.968804 12.169671
-124.32165 55.877415 4.320755
-128.787269 54.79571 0.727373
-124.071171 56.091503 -2.682915
-127.843018 55.032304 -5.828031
-125.069081 54.500798 -13.686899
-127.431097 51.610025 -20.348878
-124.983212 50.958473 -23.719169
-128.021677 48.494603 -26.614739
-123.616284 48.082508 -30.313988
-128.461282 44.349842 -33.006677
-123.528444 44.101591 -36.446606
-125.483004 40.497693 -39.449752
-126.963177 36.848301 -42.416733
-128.362005 32.683298 -45.183655
-124.601155 25.812141 -51.090984
-128.978188 23.051754 -50.569897
-124.466399 20.638766 -53.378483
-127.791005 17.403589 -53.28032
-124.729231 11.231511 -56.103727
-128.791547 5.590562 -55.282124
-123.184603 3.531431 56.687973
-128.56482 7.439134 55.309433
-123.704647 12.479286 55.458356
-128.779964 15.203267 53.916622
-125.9418 18.395053 53.471693
-129.783331 21.31889 51.615332
-125.934672 25.105537 50.706799
-125.68847 29.884061 48.112252
-125.280455 34.119675 45.315944
-125.648612 37.931332 41.978227
-121.577985 41.107708 40.05287
-122.982826 44.689724 35.70426
-125.431729 46.176528 32.740115
-126.412494 48.137649 29.251777
-120.871385 51.03374 26.61518
-122.727543 52.323248 22.421826
-124.370961 54.490155 14.219244
-125.434677 54.92242 10.114922
-119.689719 56.882233 7.496876
-120.196823 57.193739 0.765443
-116.739499 58.28486 -2.85722
-120.851493 56.737158 -7.250779
-117.803387 56.615875 -14.339706
-123.008783 54.111392 -17.494548
-119.689712 53.777283 -21.42294
-120.712804 50.866873 -27.181301
-116.933963 50.033194 -31.33226
-120.971609 46.929291 -33.870366
-119.105818 43.094289 -39.945191
-121.15715 39.251418 -42.680495
-123.198523 34.972575 -45.585138
-124.399702 30.548501 -48.424959
-119.56163 28.742783 -51.49601
-119.735979 23.219298 -54.161148
-118.992036 16.972572 -56.680216
-122.624208 14.927958 -55.967307
-118.595552 8.220632 -58.725974
-121.81707 4.188989 -58.161573
-117.436848 3.038358 57.712159
-124.981248 8.259908 56.204399
-119.439812 11.390854 56.506229
-120.168772 16.884742 55.089172
-116.942057 20.908561 54.356655
-122.846783 21.878658 52.814326
-119.536814 25.601784 52.046733
-120.737296 29.594274 49.669516
-119.621145 33.776043 46.981875
-119.562897 37.463962 44.120191
-115.722087 40.730192 42.064041
-117.558698 44.065216 38.188024
-117.086283 47.56077 33.892116
-119.367586 49.208752 30.518886
-116.138983 53.633206 23.526362
-118.531076 54.61986 19.045636
-116.974562 56.098482 15.608942
-117.707873 56.78586 11.612372
-112.436807 58.611767 8.46377
-116.166157 58.228609 3.976221
-113.82222 58.833618 -6.084992
-120.277361 56.58435 -10.48795
-112.044277 57.788588 -16.483231
-115.979701 55.861496 -18.942112
-111.84594 55.846618 -22.59072
-116.277921 53.589661 -24.925811
-110.833432 51.62719 -32.2922
-116.075324 46.282973 -37.425242
-114.967089 41.626964 -43.116049
-117.040969 37.653009 -45.979293
-113.200838 35.664062 -49.039697
-114.695145 31.156305 -51.725006
-110.589655 28.641369 -54.418107
-115.452236 26.148518 -54.364074
-115.567914 20.292632 -56.824989
-115.861974 12.139982 -58.996442
-112.832207 10.691904 -60.250184
-116.115252 5.237174 -60.038365
-108.795321 2.39533 59.340879
-113.828894 7.691915 58.063575
-112.406508 11.911933 57.573274
-115.63468 15.610861 56.249625
-112.049752 20.10224 55.596947
-114.027391 25.04204 53.210014
-110.406593 29.087771 52.008952
-115.583178 29.861768 50.681907
-113.905913 33.67669 48.501269
-113.698659 37.211757 45.718385
-111.117442 43.604178 40.536616
-112.218479 46.435763 36.888314
-112.274704 50.224875 31.640935
-113.758166 51.995419 27.82696
-109.277156 54.353399 25.175096
-111.647007 55.726627 20.60971
-110.632983 57.194239 17.124812
-110.67749 58.296945 12.866531
-109.233917 59.722626 4.993806
-112.106793 59.624404 0.525278
-109.028341 60.360855 -2.668292
-112.795633 58.838929 -9.685158
-110.881992 58.795588 -12.763674
-107.660536 57.968086 -20.060833
-107.805818 55.917372 -25.53253
-107.557688 54.563001 -28.601123
-113.223913 49.073103 -35.06663
-112.424981 44.950398 -40.642316
-108.888615 43.216507 -43.926549
-111.489916 39.628864 -46.450094
-107.53067 37.499923 -49.631728
-109.526168 33.39891 -52.046589
-105.937792 30.599874 -54.899729
-111.417674 23.41219 -56.736843
-108.022292 20.095507 -59.061494
-112.584548 16.940063 -58.889264
-107.857073 7.962187 -62.106139
-111.184773 3.057387 -61.643791
-102.786926 2.255439 60.13713
-106.014137 7.022121 59.308691
-107.001063 11.334552 58.591704
-109.891205 15.77503 57.24007
-106.636593 20.247148 56.406112
-108.739768 24.687845 54.390725
-104.928183 29.088858 53.034243
-108.11852 33.355604 50.008576
-107.543553 36.722442 47.399951
-109.785468 40.339728 44.006944
-105.47823 46.086301 39.037834
-107.945473 48.867087 34.714757
-103.450262 51.16699 32.719414
-107.021432 52.542117 29.374773
-103.154414 54.810794 26.386692
-105.308498 56.532823 22.116247
-104.474634 59.096329 14.942536
-105.892042 59.854184 10.121985
-102.602417 60.998539 6.768637
-105.345865 61.003805 2.248205
-106.07303 60.784496 -6.158643
-105.116432 60.778881 -9.573649
-104.055705 60.474149 -13.31016
-104.879201 59.551642 -16.787704
-103.446066 57.967932 -23.018986
-104.853986 53.465147 -32.036614
-105.561165 51.004362 -35.692497
-109.071907 48.136552 -38.287151
-105.795238 46.51635 -41.563923
-105.247174 41.031667 -47.236087
-101.503721 38.381097 -50.828181
-103.907014 35.033974 -52.726299
-100.374044 32.109696 -55.594871
-106.478515 25.722441 -57.221136
-103.201482 22.324051 -59.489786
-108.426839 13.99123 -60.903136
-104.230948 9.858346 -62.715158
-106.01385 3.818601 -62.742268
-97.251946 2.932832 60.724791
-103.244148 6.595846 59.845641
-100.460593 11.933164 59.374508
-103.925877 15.230326 58.401407
-101.879204 20.57545 57.002305
-103.164173 25.073691 55.11091
-99.300447 29.187071 53.622768
-102.380698 33.149672 51.067941
-101.219608 36.58191 48.838399
-103.515554 39.838616 45.646555
-99.117193 45.382188 40.92659
-101.863592 48.438203 36.891408
-97.357473 52.100748 33.161241
-99.884689 53.526542 29.702664
-98.741939 57.006792 23.444626
-103.525716 58.07093 18.756602
-97.542189 60.0741 15.531648
-99.669162 60.683063 11.950299
-98.383461 62.228955 4.63525
-102.798526 61.863532 -1.07364
-100.038771 62.363284 -5.085737
-98.768833 62.173455 -9.390329
-98.531803 60.823271 -16.859349
-99.890178 59.659113 -20.22994
-99.367667 57.829862 -25.78161
-100.695675 56.177684 -28.786947
-100.049189 53.026808 -34.877762
-102.24424 49.848672 -38.774562
-100.206401 47.779511 -41.925119
-102.932545 44.498313 -44.877144
-100.072692 41.506653 -48.46087
-97.950377 35.608508 -54.063767
-96.39866 30.191255 -57.970781
-101.801587 27.748875 -57.553764
-99.046755 20.501858 -61.327934
-104.349011 16.658172 -61.151535
-99.560923 9.198512 -64.185113
-100.448452 4.052352 -64.293221
-92.541789 1.177267 61.318533
-97.489314 8.296035 60.407802
-95.033253 12.532094 59.988573
-99.435236 16.520712 58.616827
-96.676711 21.120569 57.526177
-97.830378 25.169379 55.811275
-93.894511 28.77844 54.693299
-96.332796 32.866771 52.019556
-97.25167 39.301556 47.285436
-98.519662 42.36004 44.292474
-95.232039 47.206316 40.026889
-96.92469 49.884627 36.500865
-93.280464 54.371798 30.558601
-95.811667 55.896634 26.799214
-93.468579 58.329233 22.469634
-97.065418 58.903654 19.184863
-92.095515 61.259768 15.120293
-96.656885 61.670081 9.21696
-97.098892 62.711897 1.61273
-96.274637 62.952502 -2.23243
-94.157255 63.037926 -7.284589
-97.483903 61.843764 -12.93207
-92.747515 61.940727 -15.397933
-95.016298 59.505577 -23.410593
-94.004051 57.905535 -28.223186
-98.423069 55.135585 -31.819711
-92.986994 53.577758 -36.999666
-97.198728 51.488958 -38.382876
-94.232947 47.583176 -44.314981
-97.154084 44.867625 -45.923128
-94.078209 41.988139 -50.082714
-95.193891 38.688914 -52.518578
-92.290096 28.054498 -60.356457
-98.239266 25.226929 -59.78465
-94.73074 18.80361 -63.289232
-100.771074 14.864458 -62.539721
-91.502812 12.65935 -65.910032
-96.87199 1.707752 -65.674964
-89.886693 4.679411 61.571203
-93.292072 6.766601 61.047257
-90.605079 11.224811 60.74056
-93.882842 17.29536 59.154223
-90.682062 20.708157 58.432971
-92.41037 24.692351 56.753539
-90.949388 32.098298 53.303416
-94.849825 35.952726 50.219121
-90.371073 37.808525 49.552626
-91.91958 40.892355 46.860659
-89.505715 45.669973 42.760312
-90.264015 48.754309 39.148231
-88.872483 53.384609 33.105086
-90.346782 56.530404 27.450728
-87.925163 58.080953 24.659237
-90.790141 59.963218 19.338215
-90.976284 61.89078 12.250947
-91.898847 62.685831 7.771621
-90.506078 63.340254 4.836215
-90.586042 63.526994 1.219907
-90.467547 63.547286 -5.329732
-91.223123 63.012421 -11.634295
-89.530644 62.030219 -18.627225
-93.212903 60.749523 -20.469602
-89.909926 59.627728 -26.421288
-92.11377 55.482751 -34.070391
-87.370201 54.292723 -38.351033
-93.296019 50.134013 -41.681
-88.257043 47.612818 -46.393114
-91.198567 44.717384 -48.508335
-89.077161 40.060099 -53.480449
-93.181886 33.809633 -56.978848
-88.877664 31.423295 -59.593875
-93.480608 23.523511 -61.882782
-88.776234 22.015128 -63.979077
-96.031493 14.292983 -64.1346
-87.95009 9.791921 -67.543634
-92.25962 5.196328 -66.833391
-83.316201 5.797734 62.114289
-86.466763 8.725992 61.495984
-85.054961 13.480716 60.885751
-89.311686 15.830981 60.00464
-86.770205 24.020175 57.707164
-88.452303 28.015735 55.809799
-85.051556 30.693728 54.723072
-87.93865 34.699307 52.115426
-85.111588 38.687098 49.577405
-87.117654 42.054362 46.453695
-85.190032 47.261407 41.594926
-86.199939 50.527026 37.783008
-83.437323 53.004848 34.700422
-86.099285 55.366812 30.441814
-85.710557 59.569599 22.156752
-86.330139 61.065456 17.543161
-83.568655 62.239 14.949252
-86.598299 62.900724 10.694002
-85.246558 64.027704 5.126892
-89.409194 63.777822 -1.944682
-83.99163 64.852958 -5.037894
-87.663614 63.787387 -9.569255
-85.064193 63.358846 -16.861058
-87.236363 61.137335 -23.704236
-84.602082 59.891782 -28.876033
-91.241819 57.199118 -31.051118
-85.208282 56.712878 -34.889739
-88.868787 51.389737 -41.825988
-84.689941 49.564553 -45.544337
-86.497447 43.116665 -51.455548
-83.254649 40.426011 -54.897875
-90.422486 36.662101 -55.745956
-85.057247 33.530503 -59.591155
-87.41851 26.530365 -62.741899
-82.890364 23.440092 -65.290021
-89.775299 17.765774 -65.163085
-86.440957 5.214203 -68.494554
-90.032042 0.933997 -67.652872
-79.258902 2.99079 62.660676
-81.366662 10.51498 61.709136
-78.244564 13.88788 61.658398
-85.634819 19.388249 59.405511
-81.627392 22.147823 58.958582
-82.421171 26.464176 57.078022
-80.458802 31.404723 54.810773
-82.92356 35.129437 52.52052
-81.220487 40.33326 48.727506
-83.50366 44.015759 45.267238
-80.28923 47.980295 41.590778
-80.636475 50.488816 38.487027
-78.597964 53.510754 35.041242
-83.077245 57.432869 27.36435
-79.868441 59.725622 23.780189
-81.122464 61.035942 19.890965
-79.521052 63.079246 14.255331
-82.86851 63.734483 9.299761
-81.547223 65.067085 2.625594
-84.079691 64.705765 -0.304352
-82.594386 65.041888 -8.2464
-85.383102 63.838947 -13.693631
-79.67501 65.059913 -14.906899
-83.553792 62.524334 -22.226079
-80.53332 61.602695 -26.826857
-84.212774 58.538893 -31.935809
-81.420057 55.764994 -38.171715
-83.353175 53.121435 -41.427074
-79.871259 50.677602 -45.665448
-83.601978 45.915352 -49.556017
-79.662759 43.53151 -53.175924
-84.486984 36.898356 -57.38521
-79.981344 31.694305 -62.059827
-83.386973 28.580891 -62.838104
-83.828688 19.278015 -66.505604
-80.796867 13.616205 -68.754743
-81.869844 8.86219 -69.353717
-83.533064 1.368244 -69.663677
-74.509513 1.363706 62.960466
-77.553827 7.228858 62.395057
-74.57381 10.654831 62.327039
-76.883008 18.671214 60.4823
-76.848239 22.615438 59.213137
-78.122908 27.333883 57.115865
-75.951447 32.534674 54.678051
-78.521782 36.498985 51.920407
-76.627176 41.150747 48.415028
-79.053277 44.672389 45.236961
-75.110239 47.047134 43.573571
-75.42547 50.719331 39.636163
-75.297602 55.641987 32.476295
-77.821818 58.291218 27.030197
-74.147733 61.262822 22.805102
-76.590036 62.257688 18.810911
-76.548288 64.442408 11.839802
-78.86633 64.946088 7.103669
-76.166504 66.274254 2.422935
-79.220755 65.89655 -2.477298
-76.407584 66.563179 -6.334669
-78.94121 65.7198 -10.894358
-76.067306 65.391739 -17.900398
-79.962677 63.845397 -20.358355
-76.783555 61.144692 -29.955564
-78.288155 59.170733 -33.545163
-76.950526 57.435621 -37.072028
-77.911583 53.257171 -43.021105
-75.101448 49.461377 -48.299701
-78.762826 47.049063 -50.00723
-77.222123 40.702942 -56.275547
-79.086291 37.088904 -58.810547
-76.759146 34.13174 -61.586384
-78.284898 26.232987 -65.088917
-76.508792 22.681997 -67.076125
-78.890858 18.362151 -68.12191
-76.098367 10.041221 -70.670026
-79.280613 5.073391 -70.329346
-69.073679 2.576127 63.341526
-72.650951 5.787187 62.957518
-70.177759 11.988613 62.424832
-72.910571 15.854009 61.448242
-70.927209 20.77767 60.269962
-73.216234 29.116978 56.704762
-71.315361 33.935195 54.251821
-74.578659 37.534545 51.671987
-71.14169 40.626973 50.003883
-72.913225 44.025827 46.808858
-71.159469 48.930512 42.419778
-73.248613 52.924627 37.19194
-70.04757 55.462495 34.531811
-73.211406 57.790249 29.688598
-71.781884 60.371094 25.733482
-72.966401 63.726522 16.819367
-71.622131 65.330949 12.138397
-74.161466 65.963402 7.274664
-71.022657 67.281506 3.864541
-74.346279 66.941099 -1.657942
-71.918282 67.30429 -7.193498
-74.189059 66.521773 -11.910689
-71.463819 66.280047 -16.173173
-72.599813 65.012715 -21.32155
-73.142936 62.965559 -27.381367
-72.642264 60.246894 -33.796635
-70.61894 58.02371 -38.646356
-74.711185 55.649928 -40.862844
-70.239662 49.455999 -50.045316
-73.672033 45.680979 -52.936369
-72.459353 42.54444 -55.9783
-73.065685 38.011386 -59.577258
-71.575561 32.465549 -63.613256
-74.544162 28.984015 -64.879747
-72.736601 20.13172 -68.69506
-74.877511 14.585018 -69.958966
-71.604385 7.899439 -71.854896
-74.275084 3.52936 -71.712292
-64.577529 2.676116 63.65396
-67.91609 7.709633 63.10318
-65.440229 13.227126 62.523338
-67.959478 17.386541 61.432499
-66.963388 23.58144 59.615246
-68.053893 27.906405 57.732866
-67.453008 32.224264 55.778515
-68.211604 37.272552 52.747919
-66.158469 41.415737 50.055476
-68.57794 45.235427 46.480287
-66.707653 49.609712 42.602078
-68.193552 52.694657 38.796491
-65.68848 56.378115 34.723723
-68.16872 58.639419 30.33211
-67.382165 62.181007 23.562936
-69.31481 63.49663 19.763403
-67.644024 65.245738 14.694114
-68.332544 66.665746 8.726407
-66.724151 67.812916 2.667336
-69.513861 67.805401 -1.787432
-67.410948 68.131244 -6.94039
-68.786971 67.41663 -12.178315
-67.124512 66.717089 -17.940846
-69.167677 64.912874 -23.590486
-67.560268 63.773073 -27.997044
-69.39392 61.948785 -31.773718
-67.188593 59.460295 -37.264721
-68.998789 55.217254 -43.253765
-66.969559 52.054649 -47.940092
-68.084044 46.468327 -53.928011
-67.316553 42.661521 -57.379577
-69.508793 37.787386 -60.604839
-67.443412 32.915719 -64.27809
-70.844336 26.487591 -66.766798
-68.553461 22.634225 -68.80997
-70.133134 15.415301 -70.778633
-67.832245 10.649794 -72.142273
-68.80206 2.452188 -72.693864
-60.167048 2.255374 64.022334
-63.569317 8.159319 63.361499
-61.540505 14.218913 62.726856
-63.712289 19.568126 61.184754
-61.905443 24.036136 59.862476
-63.310086 28.690126 57.971243
-62.506037 33.529849 55.828314
-63.628402 37.240808 53.432147
-62.219363 42.709682 49.629808
-64.448393 46.41918 46.140155
-61.478856 50.303808 42.756611
-63.278 53.204585 39.042805
-61.866934 57.741982 33.238902
-65.03889 60.201478 28.28333
-62.789915 62.304324 23.976492
-64.382137 64.535023 18.492331
-62.769896 66.124711 13.780732
-64.512218 67.125057 8.772998
-62.007296 68.093118 3.916223
-64.494986 68.474942 -2.24339
-62.276719 68.871528 -7.461066
-64.206461 68.093962 -12.15402
-62.760325 67.60425 -17.552852
-64.685299 66.020664 -22.619233
-63.117787 64.42747 -28.264564
-64.146398 62.119998 -33.217528
-62.705806 59.601103 -38.632232
-64.933227 56.371278 -42.789619
-63.092165 52.381541 -48.313239
-64.121009 48.255193 -52.620557
-62.560333 43.869267 -57.1287
-64.934316 39.070172 -60.437397
-63.36427 34.545423 -63.74811
-65.91891 28.253801 -66.982426
-63.803823 22.190872 -69.681531
-65.781987 16.958044 -70.904173
-63.529801 10.289859 -72.763666
-65.057259 4.288616 -73.208577
-55.895927 3.576261 64.313314
-59.479831 7.63749 63.744933
-57.35755 11.495179 63.376861
-59.368348 18.221665 62.002859
-57.896626 23.739218 60.355569
-58.619105 29.218851 58.050199
-58.053277 33.743841 55.960419
-59.626646 39.132215 52.748547
-57.310954 42.791876 49.989071
-59.856503 46.660362 46.469644
-57.165211 50.683007 42.722096
-59.562497 54.690246 37.686121
-57.506852 58.074281 33.186459
-60.100579 60.234982 28.687199
-57.862058 62.536304 24.416523
-59.85235 64.405019 19.690897
-58.122835 66.205415 14.55813
-59.420416 67.347512 9.630162
-58.265912 68.53041 3.830971
-60.151474 68.870643 -1.912598
-57.401979 69.168981 -7.266212
-59.616276 68.498157 -12.778131
-58.214152 67.806311 -18.527515
-60.406372 66.367273 -23.276072
-58.990242 64.657604 -28.912507
-60.198289 62.132019 -34.381101
-58.114841 59.452612 -39.658311
-60.929042 56.27795 -43.899712
-58.759139 52.757078 -48.442753
-60.144606 48.493223 -53.004873
-58.506821 43.995084 -57.23122
-60.205036 38.839899 -61.218256
-59.137626 33.265031 -65.240815
-61.833762 28.361671 -67.463443
-59.386113 23.086746 -70.019331
-61.282629 16.825553 -71.669706
-59.441464 10.720668 -73.379389
-61.107624 3.453828 -74.0242
-51.753078 2.372639 64.547619
-53.906519 8.084036 64.035832
-51.258969 13.184023 63.467615
-54.856103 20.196904 61.738897
-52.159258 23.62801 60.767012
-54.816665 27.843316 58.991051
-53.584462 33.057839 56.511821
-55.559765 37.654403 53.86928
-53.29574 42.729357 50.319506
-55.306901 47.054254 46.570543
-52.859997 50.981666 42.585129
-55.69167 54.374905 38.679045
-53.166766 57.714192 33.862682
-55.303628 60.801641 28.68072
-52.66603 62.891246 24.650333
-55.303363 64.742823 19.931596
-53.833193 66.582006 14.432865
-54.865744 67.843013 8.716842
-53.578245 68.841168 2.834409
-55.729978 69.244268 -1.979317
-53.260953 69.499414 -7.887929
-55.428391 68.832626 -13.266829
-54.060538 67.965032 -19.272225
-56.086348 66.393973 -24.443938
-54.584929 64.592995 -30.008854
-55.829225 62.524894 -34.45769
-54.123963 59.83222 -39.466377
-56.273947 56.160875 -44.614873
-54.313898 52.647364 -49.212437
-55.974396 49.021174 -52.966445
-54.494674 44.188814 -57.610873
-56.435218 38.965234 -61.838687
-54.895629 34.164418 -65.204366
-57.124465 28.667439 -68.00075
-55.309833 22.337371 -70.840597
-56.899727 16.375692 -72.615346
-55.335172 9.180883 -74.295599
-57.28776 3.2552 -74.669478
-47.661281 2.334254 64.727705
-50.036336 7.799601 64.247545
-47.24556 13.928518 63.601336
-50.061481 18.548556 62.404283
-48.212079 24.050043 60.633111
-50.684986 29.434048 58.50126
-49.198714 34.16422 56.143002
-51.454606 38.329901 53.508215
-49.062448 42.268487 50.780351
-51.073699 47.023448 46.747951
-49.11834 51.370393 42.467445
-51.408227 55.0261 38.029216
-48.154481 57.754547 34.165636
-50.870488 60.179455 30.028003
-48.833261 63.121892 24.51103
-51.007004 65.187711 19.285101
-49.119055 66.764578 14.283724
-51.016194 68.017597 8.547773
-49.084759 69.2039 3.121146
-51.068084 69.484857 -2.085861
-49.321641 69.593638 -8.006547
-51.375025 68.998684 -14.191001
-49.743269 68.151989 -19.793509
-51.915295 66.557628 -24.951517
-50.225895 64.955332 -30.057682
-51.218575 62.441995 -35.340636
-49.352835 59.907937 -40.038888
-52.272093 56.988116 -44.173301
-50.513644 53.33114 -48.874941
-51.8089 48.173486 -54.244455
-50.067916 44.243714 -58.378694
-52.17277 39.832606 -61.766716
-51.039417 33.64182 -66.095077
-52.904143 28.14809 -68.833981
-51.059284 22.361504 -71.330247
-52.887583 15.87772 -73.258072
-51.194327 9.326452 -74.731546
-52.495062 2.954352 -75.04829
-43.615226 2.741712 64.880716
-46.25681 8.071332 64.35544
-43.247032 12.93539 63.835934
-45.984335 19.381144 62.316445
-44.18862 24.670373 60.60269
-46.536674 29.175197 58.661939
-44.348509 33.238754 56.792139
-46.674711 37.696383 54.036914
-45.321253 42.973684 50.363801
-47.292693 47.019311 46.828498
-44.803491 50.664714 43.276748
-46.955953 54.519033 38.751224
-43.915299 57.608743 34.567562
-46.610861 60.68884 29.275508
-44.632016 63.467653 23.904802
-46.481253 65.369905 18.981387
-44.392387 67.019152 13.997645
-46.725789 68.004658 9.302542
-45.079806 69.197115 3.545942
-46.935485 69.810741 -2.555474
-45.268336 69.766796 -8.640049
-47.467426 69.228169 -13.817243
-45.55636 68.492538 -19.164774
-47.50439 66.980913 -24.890644
-45.735992 65.511271 -29.668935
-47.251935 63.097485 -34.670099
-45.383865 60.160619 -40.08177
-47.91503 56.719695 -45.035309
-45.6293 53.373249 -49.419474
-48.303447 50.037368 -52.743409
-45.754229 42.578309 -60.231242
-48.58633 38.445611 -63.283768
-46.530544 33.533188 -66.77536
-48.523358 28.387757 -69.146874
-46.894821 22.559044 -71.858135
-48.848856 16.329818 -73.661105
-47.163723 9.953965 -75.128814
-47.878759 3.177855 -75.755583
-39.537928 2.928217 64.914027
-42.047189 7.941904 64.463822
-39.124146 13.198869 63.912449
-42.065184 18.253351 62.658474
-40.437215 23.14408 61.242771
-41.711615 29.297939 58.791936
-40.215099 34.487668 56.298474
-42.86473 38.708925 53.328119
-41.291462 43.56393 49.962919
-42.848849 47.464147 46.463208
-39.90352 51.289997 42.739977
-42.715645 53.903557 39.405704
-40.193501 58.158957 33.872524
-42.707648 60.969978 29.237446
-40.397041 63.307725 24.66609
-41.916745 65.446867 19.050228
-40.294379 67.383406 13.651213
-42.392525 68.551035 8.049662
-40.70723 69.596119 2.180527
-43.104562 69.829945 -2.639199
-41.187329 70.006322 -8.441149
-42.989417 69.459013 -14.170437
-40.767666 68.959889 -18.944203
-43.058387 67.593788 -23.685658
-41.939201 65.813261 -29.444835
-43.171397 63.133581 -35.186376
-41.369551 60.609869 -39.770629
-43.76636 57.090928 -44.898462
-41.328452 53.15402 -49.863418
-43.044669 49.690155 -53.752035
-41.665105 44.128656 -59.31279
-43.925697 38.527956 -63.747798
-42.271496 33.44844 -67.35896
-44.161203 27.978647 -70.016805
-42.320287 22.831413 -72.267423
-44.601212 16.951542 -73.972887
-43.100975 10.403401 -75.562813
-43.68666 3.398581 -76.17993
-35.378905 3.166013 65.232925
-37.564037 8.079896 64.657166
-35.222729 13.746634 63.867785
-37.820937 18.628315 62.712644
-35.654447 23.196539 61.4243
-38.219156 27.678844 59.681192
-36.534747 32.919617 57.229315
-38.636074 38.525845 53.59522
-37.482768 42.962019 50.734578
-38.699512 47.757102 46.495932
-35.654083 51.36052 42.875904
-38.863441 55.118053 38.416088
-35.733752 58.485625 33.894411
-38.144934 60.955454 29.542346
-36.003843 63.453204 24.916139
-38.030124 65.540648 19.620356
-36.492846 67.535723 13.712502
-38.291112 68.769094 7.898634
-36.590328 69.758024 2.22901
-38.806131 70.151003 -3.543328
-36.445785 70.326481 -8.483803
-38.625149 69.953096 -13.323516
-36.761273 69.16697 -18.949996
-39.166094 67.463876 -25.027678
-37.109363 66.012624 -30.007708
-39.141892 63.824525 -34.123244
-37.69817 60.294115 -40.893637
-39.831509 56.925367 -45.154762
-37.571508 53.237061 -50.207486
-39.660571 47.92072 -55.874207
-37.308859 43.76901 -60.278864
-40.024429 39.709586 -63.279112
-38.409361 35.275217 -66.657209
-39.58771 28.934486 -70.147213
-38.21579 23.196637 -72.559676
-40.512793 16.673227 -74.473526
-39.251741 9.841707 -76.01867
-39.990096 2.721989 -76.561219
-31.639104 3.076709 65.326699
-33.481573 8.554637 64.818669
-31.216029 13.667181 64.105486
-33.488683 19.07458 62.703252
-31.320857 24.534877 61.177366
-34.249254 28.774692 59.414188
-31.21277 34.977712 56.37571
-34.303615 36.487042 55.159573
-31.625787 45.578823 48.968254
-34.827441 46.965333 47.283998
-32.293264 51.027477 43.68946
-34.989192 55.189887 38.400106
-31.221842 58.306974 34.557766
-33.527697 61.090758 29.850864
-32.036045 63.790392 24.313998
-34.179904 65.948031 19.244187
-32.618723 67.815864 13.463876
-34.276198 69.158112 7.657076
-32.112499 70.093642 2.632109
-34.475508 70.365717 -2.574429
-32.550512 70.642483 -8.405104
-34.220352 70.138814 -14.425781
-32.360359 69.371461 -19.558414
-35.267951 68.058585 -24.165204
-33.126428 66.664648 -28.825407
-35.79066 63.231299 -36.239002
-33.599985 60.831923 -40.964779
-35.774293 57.002645 -45.819159
-33.208373 54.212142 -50.045485
-36.352132 49.741129 -54.397291
-33.955603 45.604676 -59.109329
-35.152954 39.735328 -63.918599
-34.104368 35.47754 -67.082775
-35.976711 29.953436 -69.981707
-34.050894 24.010126 -72.680374
-36.45562 17.621529 -74.591214
-35.632836 11.400771 -76.120098
-36.059823 3.499973 -76.934922
-27.491853 3.084396 65.481797
-29.460228 8.348626 65.101825
-27.317012 13.321053 64.417964
-29.60168 18.951974 63.01054
-27.976321 24.570955 61.461005
-30.73445 30.074013 59.107916
-27.268254 32.37134 58.085165
-27.947361 37.596995 55.072477
-27.356947 43.521639 50.750266
-29.235175 48.445364 46.502981
-28.412072 52.596807 42.226505
-31.108075 55.09644 39.007713
-27.604735 58.73506 34.3074
-29.772914 61.69737 29.049728
-28.03167 64.526249 23.624981
-30.08236 66.224044 18.728342
-28.150858 67.895988 14.16074
-30.065944 69.143647 8.807021
-28.309452 70.193768 3.122105
-30.320167 70.660977 -3.226176
-28.108141 70.94809 -8.738693
-30.318949 70.480359 -13.633712
-28.337435 69.758959 -19.067294
-30.606224 68.311559 -24.59768
-28.821067 66.701327 -30.503999
-30.170567 63.230434 -37.572708
-28.922359 60.565307 -42.392955
-31.772878 58.179908 -45.279714
-29.36059 54.215032 -50.650578
-32.512028 50.19723 -54.766013
-27.355916 45.625286 -59.921464
-30.570274 39.290265 -64.743007
-29.817301 34.097647 -68.286431
-31.920018 29.20157 -70.665308
-29.282013 24.078698 -73.259976
-32.063899 18.729362 -74.522262
-28.406161 9.906795 -76.879874
-32.670747 4.760963 -77.276076
-23.565612 2.825065 65.709222
-25.311976 8.291966 65.223821
-23.608371 13.940433 64.549681
-25.966098 18.922506 63.214609
-23.473261 22.842982 62.276085
-25.457005 27.965942 60.207886
-23.877658 34.34385 57.205855
-24.466029 39.429522 54.058631
-23.525346 44.107871 50.792658
-25.641913 47.808252 47.169115
-24.533578 51.734947 43.585225
-26.370272 55.664976 38.681415
-23.881455 59.514602 33.57288
-26.147814 62.155768 28.979665
-23.719122 64.291379 24.653447
-25.59116 66.255076 19.533065
-24.254094 68.181871 14.105734
-25.947938 69.407333 8.563943
-24.185843 70.472097 2.896909
-26.539258 71.082682 -2.603028
-24.231217 71.156399 -7.986755
-25.956709 70.731286 -14.306078
-24.422932 69.730091 -20.549947
-26.82868 68.43512 -25.290281
-24.136888 66.814736 -30.761041
-26.92398 65.03245 -34.506296
-25.659566 62.070897 -40.539982
-27.354115 57.125393 -47.545612
-24.241888 54.650468 -50.859675
-25.719934 51.052521 -54.67977
-24.198846 45.356626 -60.419982
-26.872147 39.773536 -64.714102
-25.203964 35.465855 -67.764784
-27.325606 29.652812 -70.842334
-25.20419 22.721591 -73.945192
-27.906019 17.776396 -75.230716
-25.281697 11.737452 -76.926778
-29.193578 3.213938 -77.599661
-19.418533 3.592622 65.859325
-21.540456 8.300099 65.490269
-19.683055 12.976377 64.91531
-21.294493 18.469508 63.623482
-19.705896 24.681613 61.882518
-21.731159 28.814972 60.034623
-20.365712 33.718045 57.747105
-20.915098 38.972388 54.517412
-19.781413 43.980497 51.096563
-21.453931 48.071545 47.396303
-21.03421 52.286154 43.19775
-22.819424 55.935123 38.741974
-20.053237 57.781536 36.550109
-21.763453 61.936068 29.766903
-19.956911 64.387442 24.833094
-21.605041 66.688064 19.346531
-20.138824 68.588889 13.71514
-21.986598 69.756058 8.51531
-20.055675 70.652423 2.939488
-22.328333 71.073803 -2.525697
-20.208014 71.351081 -8.401269
-22.410341 70.934445 -13.874292
-20.972963 70.139198 -19.717324
-22.784276 68.376401 -26.383447
-19.284809 67.496511 -29.387876
-23.127047 64.053484 -37.023524
-20.725 61.780211 -40.940961
-20.874149 58.172438 -46.411756
-20.41525 54.403568 -51.194025
-22.058812 50.103623 -55.766375
-20.559723 45.866963 -60.103283
-22.886559 40.527443 -64.547785
-21.134423 35.163497 -68.172385
-23.789171 29.703108 -70.990591
-21.36698 24.820728 -73.296215
-23.282616 17.440878 -75.704795
-19.649409 12.30794 -76.946104
-25.058167 2.52199 -77.999342
-15.611229 2.645986 66.146159
-17.01597 8.18514 65.794343
-16.219194 14.298048 64.866221
-17.934674 19.489102 63.5546
-15.878004 24.514742 62.030592
-17.350571 29.509909 59.888895
-16.731588 34.59302 57.437375
-17.41652 39.422288 54.501027
-15.361875 43.295288 51.859122
-17.403768 47.200997 48.343221
-14.16687 52.319459 43.554993
-17.635684 55.545376 39.507504
-15.477444 59.719738 34.005189
-18.640637 60.792315 32.004647
-14.706686 65.323396 23.116585
-17.9203 66.470703 20.153636
-16.615915 68.396273 14.361966
-17.689912 70.026608 7.833278
-15.919051 71.044044 1.575285
-18.366766 71.281367 -3.015665
-16.379608 71.443069 -9.311717
-18.472623 71.005332 -14.615421
-16.361162 70.283643 -19.38792
-18.839248 69.258901 -23.92307
-15.706354 66.892789 -30.71004
-16.871795 64.445431 -36.233777
-17.42422 61.888868 -41.027935
-17.079107 58.307177 -46.370518
-16.369292 54.589326 -51.229061
-18.136378 50.567295 -55.493099
-16.8666 45.613726 -60.439093
-19.143774 40.52236 -64.56049
-16.960939 35.788817 -67.962454
-19.349652 30.237138 -71.016126
-17.00418 24.027548 -73.711116
-19.653481 18.941967 -75.46859
-16.199667 12.088583 -77.229668
-16.650336 4.550151 -78.195112
-12.066632 3.265424 66.136016
-13.572704 9.237149 65.735662
-11.892628 13.86357 65.064739
-14.073194 18.789583 63.905909
-12.30632 23.912578 62.340618
-13.509191 29.438957 60.107269
-13.294967 34.638589 57.556022
-13.141311 39.616395 54.502966
-11.529017 44.619535 50.845351
-13.968536 48.182228 47.646232
-10.920108 52.216837 43.809628
-14.415799 56.443568 38.661581
-11.477031 59.589562 34.417741
-13.324522 62.386444 29.62151
-11.168757 65.145726 24.11637
-13.697543 67.518333 17.523815
-11.754061 68.902457 13.168048
-14.36633 69.958266 8.557719
-12.369894 70.927656 3.066784
-14.281895 71.376613 -4.277812
-11.656512 71.50967 -8.651108
-14.103885 71.028497 -14.07392
-12.640811 70.144558 -20.374335
-14.931469 68.893831 -25.434904
-12.189511 66.92612 -30.820571
-13.496025 64.340205 -37.012638
-12.263571 61.729496 -41.695698
-13.959073 59.258965 -45.260598
-13.178047 53.935337 -52.217624
-14.353436 49.393615 -57.081785
-12.51416 45.135013 -61.1279
-15.179012 41.018965 -64.441708
-13.131896 35.522978 -68.451807
-15.506512 29.784938 -71.410946
-12.888626 24.111125 -73.91373
-15.180213 18.141943 -75.791176
-12.489336 11.13292 -77.711993
-13.703862 3.68666 -78.299913
-7.779697 3.210589 66.332953
-9.883656 7.633634 65.972894
-8.126252 12.437578 65.486906
-10.223552 18.793299 63.916258
-8.752465 24.687083 62.173044
-9.964559 29.635266 60.0563
-6.384415 34.11498 58.05153
-9.645069 39.915237 54.479371
-7.376854 43.799795 51.649441
-9.815895 48.012504 48.032214
-7.357601 52.205197 43.97791
-10.86929 56.160765 39.194858
-7.717821 59.67767 34.532141
-9.610322 62.62108 29.509753
-7.278351 64.803265 25.306454
-9.729281 67.011682 19.298581
-7.859551 68.717839 14.385417
-9.877746 70.170149 8.058848
-8.094936 71.142415 2.626903
-10.607227 71.461538 -2.287948
-8.072644 71.649755 -8.78809
-10.336364 71.043086 -14.987728
-8.629775 70.190545 -20.59341
-10.852144 68.869284 -25.693331
-8.167864 67.142161 -30.807274
-10.013625 65.006042 -35.906715
-8.084569 62.541654 -40.46653
-8.936062 59.435712 -45.299801
-8.211956 54.091624 -52.115646
-10.716884 50.45573 -56.199502
-8.949448 46.159952 -60.365157
-11.241934 40.373547 -65.203034
-8.9413 34.927315 -68.876477
-11.399768 30.146326 -71.234632
-9.215012 24.252432 -73.985783
-11.24551 17.451506 -76.27619
-8.844983 10.935971 -77.644861
-10.169925 3.628922 -78.392666
-3.871414 3.37501 66.448737
-5.392795 8.21694 66.017277
-4.12148 13.601159 65.372661
-7.12744 17.823751 64.313287
-2.74053 26.326046 61.878642
-6.115428 29.342726 60.397895
-3.036579 35.885856 57.196316
-5.886531 39.413171 54.90807
-3.782155 44.594247 51.196736
-6.034671 48.360292 47.951453
-3.652593 52.18369 44.179779
-3.96317 56.098206 39.619235
-3.603355 59.435882 35.189091
-5.536885 62.068112 30.603785
-3.676027 64.898273 25.081397
-5.990357 67.084563 19.833321
-3.874146 68.939609 14.366574
-6.204993 70.063225 9.138879
-4.495389 71.145141 3.146693
-6.608962 71.592799 -3.305332
-4.132748 71.752826 -8.935343
-6.467613 71.255014 -14.840738
-4.599133 70.544471 -20.178579
-6.64042 69.021859 -25.819156
-4.062913 67.320739 -30.967576
-5.759429 64.912926 -36.027675
-4.238332 62.010066 -41.412522
-5.535985 58.558864 -46.607409
-4.898812 54.726335 -51.409625
-6.723542 49.933549 -56.520339
-5.449576 44.231782 -62.079659
-7.795716 40.579136 -65.171375
-4.945193 36.33588 -68.262738
-7.070626 29.896198 -71.644492
-5.113432 24.128628 -74.208155
-7.475218 18.267176 -76.170314
-5.283201 10.944329 -77.726639
-6.723343 3.84407 -78.447627
-0.068858 3.417198 66.489709
-1.532075 8.891562 66.014116
-0.245036 14.61688 65.309642
-3.100704 18.790965 64.16015
1.122208 26.268697 62.013606
-2.030763 30.86506 59.890962
0.543141 35.070132 57.980096
-2.012478 40.73403 54.264055
0.170569 45.064545 50.999523
-1.923224 48.714789 47.870627
0.083042 52.943817 43.670523
-0.193607 56.389152 39.421942
0.204307 59.732471 34.818826
-1.854884 62.611512 30.110841
0.14765 65.370808 24.763941
-2.073847 67.220125 19.722607
-0.040523 69.078548 14.164946
-2.274984 70.388987 8.540205
-0.425952 71.334792 2.620245
-2.731547 71.807649 -2.504744
-0.530447 71.824315 -8.154826
-2.409283 71.319998 -14.782581
-0.344196 70.58995 -20.456991
-2.703018 69.297971 -25.423802
-0.467563 67.412065 -31.19059
-1.954388 64.878137 -36.903236
-0.237595 61.90039 -42.146315
-1.978458 58.777404 -46.578031
-0.190461 55.523628 -50.791596
-2.136805 52.022159 -54.51277
-0.465009 45.420709 -61.150264
-2.825688 40.783687 -64.94383
-0.889572 35.591704 -68.695157
-3.357315 30.623219 -71.346
-1.519779 24.186582 -74.290633
-3.773947 17.066882 -76.347454
-1.457516 9.609377 -77.898635
-3.177066 3.404233 -78.567322
3.755788 3.868357 66.570648
1.894506 9.460542 66.089535
4.260024 13.798805 65.545234
2.655675 18.303855 64.490636
4.043932 24.689756 62.568198
2.510111 31.486008 59.897308
5.225765 34.130013 58.45635
1.509169 40.067369 54.779181
3.409422 45.408831 50.890941
2.100538 49.706391 47.112174
4.21256 52.822775 43.851023
3.458516 56.357378 39.577939
4.093725 59.724502 34.908504
1.940584 62.753857 29.888691
3.96518 65.265115 25.06191
1.783 67.428566 19.561634
3.757742 69.226999 13.887533
1.525249 70.331663 8.403429
3.510783 71.401167 3.272652
1.596423 71.850833 -2.793442
3.20416 71.991647 -9.423104
1.271464 71.457428 -14.7624
3.805738 70.609305 -20.492802
1.301275 69.288178 -25.926112
3.480268 67.537755 -31.424922
1.636802 64.954574 -36.608232
3.380783 62.211635 -41.809098
2.443044 58.751704 -46.969214
3.309104 54.282721 -52.499769
1.432734 50.363966 -56.687646
3.319175 47.046128 -59.984836
1.079279 41.318944 -64.742833
2.809563 36.070655 -68.327071
0.59301 29.729921 -71.831495
2.186841 23.161398 -74.539378
-0.302489 17.227933 -76.462988
1.927134 10.146871 -77.76206
0.917035 2.783138 -78.55882
8.131242 2.416233 66.765446
5.72662 8.046014 66.372079
7.926473 15.753186 65.306654
5.996976 20.37623 64.085268
8.457027 24.787584 62.547241
6.296301 28.764333 60.958838
8.567629 33.789317 58.589793
7.549408 39.438685 55.408801
9.641486 44.896949 51.239404
6.300471 49.217859 47.500518
8.05018 52.775384 44.034043
6.98234 56.560855 39.394552
8.140905 59.87284 34.875129
5.770933 62.552584 30.593007
7.528565 65.160952 25.288342
5.51114 67.552772 19.64733
7.588655 68.900272 15.053586
5.828266 70.345354 8.887241
7.213777 71.481903 2.764961
5.161016 71.784589 -3.210173
7.019435 71.927679 -8.819489
5.347722 71.524232 -15.043201
8.014931 70.737086 -20.196601
5.27599 69.376421 -25.74995
7.367698 67.6247 -31.166747
5.636863 65.250589 -36.397725
7.014822 62.509642 -41.565098
5.779111 58.386611 -47.589824
7.38794 54.869382 -51.734184
5.856854 51.214494 -55.826033
6.643522 45.27999 -61.629813
4.797431 41.162562 -64.89927
6.744454 35.950028 -68.63187
4.21025 30.212561 -71.572964
5.820654 24.835769 -73.916804
3.668305 16.896078 -76.530707
5.468259 9.265466 -77.951514
4.896196 3.101661 -78.503117
12.822358 2.84131 66.622562
8.528148 10.254677 66.109228
11.756054 14.997166 65.312145
10.20129 19.976099 64.10406
12.493654 24.672826 62.592931
10.489316 29.299804 60.717817
12.120584 34.437263 58.146069
10.592559 39.461801 55.318377
12.869783 44.053185 51.976184
10.223369 49.273029 47.513593
12.276893 52.793185 43.744356
10.420858 56.095058 40.142792
11.69064 59.556531 35.370341
9.540497 62.781371 30.007282
11.743024 65.046096 25.438097
9.4849 66.980193 20.684297
11.232439 68.977285 14.615635
9.465883 70.454425 8.798764
11.091235 71.351032 2.958185
9.044306 71.944909 -2.921085
11.313616 71.860915 -8.375606
9.277213 71.589086 -14.066978
11.623008 70.481091 -20.434266
9.178679 69.325999 -25.842959
11.176515 67.299099 -31.441416
9.50057 65.017928 -36.628361
11.257002 62.22987 -41.469681
9.326064 59.400314 -45.866358
11.375185 56.400134 -49.61287
8.873473 48.942978 -58.051627
11.521162 45.746771 -60.882607
9.056979 41.151225 -64.735458
10.261916 35.577933 -68.784648
8.173803 30.067676 -71.595073
9.69579 22.444928 -74.656535
6.892677 17.830495 -76.190464
8.752504 10.256248 -77.626894
9.200547 1.857043 -78.550287
16.505436 3.754022 66.712752
13.648406 10.807785 66.125944
16.530268 14.97496 65.306499
14.232745 19.230069 64.344564
15.95279 24.647946 62.560994
14.249361 30.131852 60.406913
16.079758 34.947263 57.954735
14.156937 39.227182 55.410691
16.383383 44.141522 51.905
13.730485 48.44908 48.172147
15.761039 52.543093 44.039078
14.078191 56.680905 39.300461
15.752512 59.946609 34.628106
13.293083 62.415311 30.641187
15.360034 64.938673 25.582294
13.341659 67.383673 19.75164
14.990643 69.088731 14.068951
13.336294 70.395744 8.67424
15.080563 71.327479 2.587121
13.034679 71.76845 -2.950392
15.439949 71.691718 -8.591112
13.058205 71.43086 -14.16501
15.160395 70.393534 -20.189909
13.200698 68.911045 -26.288174
15.382307 67.062832 -31.179545
13.399217 64.803356 -36.248888
14.639773 61.445207 -42.237822
14.279965 58.176916 -46.977856
15.447278 54.1355 -51.749639
13.763258 50.307057 -56.251639
14.964783 45.521038 -60.830278
12.756486 40.525003 -65.130667
15.188522 36.540571 -67.630088
13.288502 32.002134 -70.527185
16.019943 26.116387 -73.078895
14.38735 14.546977 -76.704075
16.16444 9.435767 -77.595789
14.225649 2.673277 -78.241105
20.138833 3.544914 66.614955
16.662082 8.42038 66.303083
19.634394 13.484518 65.590769
18.257065 20.023605 64.126655
19.794991 25.237547 62.309606
17.822845 29.842181 60.486605
19.752081 34.459216 58.191247
17.919006 39.886895 54.979054
19.95868 44.820845 51.267353
17.28698 48.548606 48.004437
19.345764 52.498122 43.941926
17.635132 56.33786 39.635502
19.589348 59.111599 35.638018
17.490668 62.575947 30.148964
19.172558 64.92434 25.352231
16.764484 67.071125 19.978711
18.732637 69.092649 13.352821
17.225329 70.447063 8.343194
19.012472 71.112583 2.849342
17.045486 71.68012 -3.276983
19.831171 71.626619 -8.777432
17.031968 71.217433 -14.198466
19.084607 70.342293 -20.059816
17.202615 68.91363 -25.627773
18.990642 66.928671 -31.333805
16.933704 64.241605 -37.155201
18.698301 61.428082 -41.808366
18.168677 58.103866 -46.67316
18.972121 54.101523 -51.500162
17.414708 49.679008 -56.444977
18.839005 45.064858 -60.930685
17.263047 41.02021 -64.503324
19.317898 35.851345 -67.967816
17.770749 30.859741 -70.776529
20.270908 25.364777 -73.076051
17.79925 19.824059 -75.184496
20.301259 9.045548 -77.372318
18.477275 2.890034 -78.133972
23.751642 3.663954 66.476823
21.046254 8.615257 66.187624
23.256393 14.432233 65.31849
21.571497 19.476704 64.224214
23.320813 24.31139 62.613549
21.979996 29.954152 60.534124
23.402556 35.116031 57.712146
21.208487 39.449387 55.167097
23.388849 43.503911 52.194388
21.274489 48.840001 47.727501
23.302399 52.347524 44.228959
21.602104 55.920591 39.989213
23.42027 59.572513 35.057659
21.116856 62.06216 30.93475
23.459543 64.059643 27.101169
20.147505 67.575675 18.666571
23.269976 68.986213 14.033339
21.557527 70.059869 9.136042
22.531914 71.038126 3.161781
21.056865 71.65918 -2.945928
23.59199 71.591842 -8.285718
21.026954 71.126702 -14.605138
23.307292 70.187597 -20.126633
20.964216 68.848099 -25.486072
22.870963 66.938533 -30.66889
20.829075 64.498256 -36.230387
22.488344 61.262544 -41.768026
21.852923 57.709132 -46.790926
22.603906 53.744051 -51.575281
21.000052 49.830482 -56.262714
22.790595 45.715994 -60.16095
21.694502 40.868726 -64.281149
23.186508 35.930033 -67.635352
22.236184 30.241311 -70.856988
24.815612 24.4987 -73.18632
22.255543 19.931779 -74.899399
24.776145 8.551301 -77.25707
22.584257 2.916006 -77.903617
27.216551 3.593764 66.5575
24.875199 9.127416 66.170613
27.061515 14.035071 65.365287
25.538914 19.358678 64.238606
27.118503 24.55517 62.615063
25.26786 29.456659 60.522342
26.912755 34.636928 57.968035
25.373008 39.766422 54.945447
27.26262 44.327184 51.526883
24.805664 47.641833 48.763381
26.766247 51.088012 45.423251
25.037704 56.133004 39.9026
26.930072 59.250667 35.466099
26.027763 62.308563 30.664304
26.901409 65.271764 24.432431
25.319008 67.599807 18.257449
27.558881 69.006532 13.408261
25.44077 70.320562 8.174926
26.950257 71.059261 2.691539
25.199168 71.504288 -2.221377
27.157167 71.47097 -8.738823
24.710951 70.92504 -14.540644
27.530398 70.216303 -19.055052
25.034861 68.803718 -25.064361
26.569679 66.868519 -30.476844
24.414713 64.354884 -36.08395
25.834906 61.294892 -41.197591
25.489719 57.12334 -47.190729
27.050469 53.574984 -51.219436
24.825301 50.162084 -55.367943
26.349429 45.292674 -60.025128
25.734885 40.660475 -64.089743
27.555107 35.7758 -67.457437
26.011374 30.729449 -70.428328
28.054484 23.696656 -73.337366
27.303787 17.340985 -75.374431
28.741339 10.45187 -76.624037
26.928997 3.080263 -77.396745
30.756026 3.514721 66.425752
28.727689 8.922968 66.108856
30.701582 14.256528 65.301201
29.167023 19.856291 64.045861
31.117856 24.846169 62.383719
28.947074 29.700449 60.497492
30.540766 34.986971 57.891436
29.091776 39.485326 55.07226
30.844068 43.714614 52.106213
29.437857 48.17601 48.151951
31.488869 52.153116 44.260716
29.966855 57.447225 37.806099
31.384392 60.233662 33.763367
29.350115 62.596947 29.822159
31.186525 64.719036 25.569806
28.772947 66.759786 20.532777
31.035911 68.634836 14.69166
29.461406 70.082694 8.186338
31.109968 70.866755 2.98614
29.109965 71.361022 -3.302181
31.20292 71.374139 -8.94316
29.246369 70.997476 -14.215468
31.500336 69.806878 -20.647066
28.786343 68.660399 -24.793665
30.578813 66.890163 -29.823695
28.203502 64.50655 -35.36566
29.45234 61.787703 -40.027747
28.631999 58.277971 -45.403973
30.93639 52.907181 -51.872134
28.626852 49.336283 -55.887722
30.472157 45.320081 -59.807087
29.743831 40.928994 -63.721928
31.283976 35.279789 -67.437051
29.949266 29.472297 -70.763513
32.322916 23.863979 -72.986113
30.866398 17.675698 -74.853701
32.05236 10.488088 -76.4098
30.745732 3.256508 -77.179579
34.389419 3.319574 66.324234
32.50726 8.907583 66.147218
34.572847 13.986887 65.170993
32.844345 19.198309 64.064456
34.934975 23.886043 62.587618
32.613784 29.666819 60.492762
33.83549 35.44553 57.663175
33.318963 40.35115 54.452655
34.980072 44.488926 51.241998
32.863868 48.259534 48.021656
35.649485 51.988031 44.196645
32.881516 55.236472 40.540295
34.56471 58.860066 35.449079
33.82495 62.537822 29.540471
35.184014 65.256881 24.164063
32.684007 66.728082 20.30114
34.115053 68.596388 14.499777
33.317906 69.998887 8.069163
35.558356 70.731129 2.610296
32.714225 71.186892 -2.483377
35.11007 71.15011 -8.051335
33.22972 70.907149 -14.318
35.04185 69.883654 -19.619385
33.523456 68.161748 -26.061812
35.553155 66.647673 -30.226396
32.120684 64.767145 -34.299465
37.252612 61.127488 -40.687538
31.620725 56.326284 -47.590029
34.938237 53.537452 -50.994646
32.89901 49.151041 -55.832232
34.301442 44.779655 -60.131298
33.638107 39.931235 -64.249743
35.693113 35.855953 -66.767839
33.63375 30.172569 -70.110175
36.031047 23.302242 -72.757916
34.649162 17.011751 -74.849566
35.936353 10.066243 -76.039275
34.664721 3.456688 -76.716401
38.289469 3.139892 66.333567
36.353073 8.370529 66.135353
38.259596 14.001446 65.207218
36.851937 19.407348 63.898729
39.275691 24.387101 62.394824
36.344025 28.521244 60.849486
40.140093 35.234791 57.509894
36.855804 39.488611 54.998718
39.118406 43.678406 51.804917
36.964426 47.928517 48.271124
38.87675 52.277993 43.695753
36.561095 56.302198 39.04729
38.846582 59.194428 34.758966
36.945954 61.92129 30.630304
38.629625 64.612851 24.98805
36.934571 67.013582 18.944654
38.390748 68.593054 14.081557
36.634139 69.684729 9.101583
39.200034 70.415951 4.196182
36.887278 71.012536 -2.692948
39.289635 70.921489 -7.790987
37.002822 70.82016 -13.367234
39.001932 69.700434 -19.196945
37.445606 68.427795 -24.529958
39.782836 66.625366 -29.803156
38.368352 64.492042 -34.289207
40.610415 60.866848 -40.919573
37.921801 57.320714 -46.269509
38.690811 53.926932 -50.31487
36.551175 49.562299 -55.160901
38.56527 45.945045 -58.832506
37.75684 41.583891 -62.440534
39.219847 34.332221 -67.314445
37.492195 29.351709 -70.051633
39.512864 22.816812 -72.43854
38.2168 15.648318 -74.751009
40.458359 9.549323 -75.702202
38.43248 3.630373 -76.405133
41.853815 3.641334 66.317022
40.181734 8.975288 65.969531
42.261774 14.218089 65.079054
40.719469 19.01205 64.160806
43.150794 24.146491 62.418699
40.646313 29.135958 60.520322
43.168675 33.04413 58.578301
40.374883 39.429229 54.814514
43.100811 44.07663 51.333315
40.777322 47.744479 48.173315
42.63889 50.982011 44.873762
40.506655 55.636361 39.559015
42.394139 58.787167 35.263593
40.788154 62.122281 29.814498
42.133393 64.7357 24.24251
40.588346 66.745198 19.161837
43.113442 68.143211 14.8194
41.143159 69.430247 9.867842
43.038224 70.099035 4.890353
40.843116 70.817077 -1.112123
42.889306 70.920245 -7.247345
40.837961 70.390325 -13.96305
43.215488 69.559908 -18.528031
41.386535 68.375331 -24.306078
43.534198 66.050615 -30.151044
41.964998 63.385665 -36.290492
44.544877 60.166818 -41.390081
41.893759 57.326807 -45.90281
43.011129 52.894304 -51.080532
40.652539 50.118791 -54.395547
42.674053 46.319588 -58.093127
40.56129 39.199098 -63.925773
43.422893 35.103525 -66.416322
41.652818 28.528599 -70.04909
43.677603 22.365282 -72.226858
41.925015 16.697533 -73.966569
44.060412 10.664309 -75.081115
42.333829 3.101469 -76.086957
45.611791 2.852443 66.17169
43.909063 8.868779 65.876776
46.235567 14.734174 65.005767
44.895674 19.431001 63.799477
47.169713 24.265056 62.346077
44.917098 28.961664 60.482792
48.137832 33.319836 58.315639
44.649911 40.123797 54.260386
47.349495 43.794967 51.428811
45.289277 47.541499 48.076905
46.766059 50.997607 44.350707
43.997524 54.387448 40.812864
46.441133 59.823164 33.300811
44.315678 62.125139 29.719677
46.342905 64.09358 25.214595
44.975088 66.390947 20.155878
46.904929 67.766407 15.29564
45.270027 69.166026 9.65619
46.921401 70.133869 2.082013
44.54118 70.543307 -1.795818
46.986599 70.359485 -8.2145
44.840191 70.187761 -12.716637
47.238158 69.243253 -18.202453
44.968267 68.080553 -23.848602
46.964457 65.810045 -29.509615
45.270481 63.646261 -35.069188
47.757514 60.832085 -39.646492
45.068806 56.166101 -46.872421
47.815006 52.946404 -50.383805
45.607251 49.69121 -54.312279
47.053807 45.702057 -57.859084
46.087748 38.938395 -63.570625
47.901491 34.004618 -66.594715
44.949212 29.795687 -69.072044
47.256602 23.457726 -71.348911
46.368782 16.539076 -73.691985
47.865978 10.286279 -74.579735
46.079599 3.860902 -75.74619
48.953392 4.134208 66.032471
47.524144 9.232868 65.830649
50.259905 12.974165 65.246225
49.078296 18.920728 63.913415
51.103401 24.50065 62.169708
48.952447 29.22258 60.286093
51.359642 35.389733 57.110385
49.659859 39.689833 54.310907
51.348315 43.6724 51.303449
49.397278 47.615037 47.912514
51.106305 51.511279 43.919052
48.851779 54.206436 40.772862
50.708772 57.721502 36.152011
49.157747 61.715702 29.883581
50.29558 63.763463 25.497777
49.159265 65.923907 20.485678
51.805697 67.024199 16.47065
48.510142 69.488693 6.502564
51.415225 69.776919 2.362876
48.943219 70.371972 -3.678642
52.015745 70.130499 -6.631607
49.330195 69.725605 -13.441547
50.610097 68.550684 -20.276345
48.905688 67.448388 -24.966503
51.514063 65.068254 -30.618642
49.361171 63.421193 -34.640761
51.360756 59.192719 -41.545803
48.777304 57.212834 -44.917241
51.296474 53.760378 -48.744233
49.897594 48.990903 -54.275559
51.392102 44.41025 -58.288738
48.999169 41.264057 -61.383023
51.239567 35.621589 -65.069943
49.331717 27.81612 -69.405744
51.592777 21.830075 -71.367603
50.183824 17.036112 -73.091254
51.88562 9.737926 -74.297349
49.745266 3.282005 -75.29128
56.394771 6.194636 65.882267
52.294372 8.202418 65.819675
53.579825 15.199298 64.786491
52.66498 19.930204 63.490714
55.279346 24.909536 61.903923
52.82905 29.386295 60.178898
54.802515 33.816982 57.885815
53.624506 39.539824 54.178946
55.581428 44.37961 50.608101
53.357801 48.180585 47.28672
55.301424 52.019202 43.330289
53.2267 55.384719 39.216102
56.109065 58.329315 34.830536
54.271333 62.18837 28.538342
55.407032 63.748523 24.864798
53.565224 65.485267 20.788104
55.913319 67.426143 14.23965
53.029287 68.755987 9.289601
55.129944 69.272488 5.326033
53.421327 69.966791 -1.477675
56.07619 69.774798 -9.112121
52.476809 69.676447 -12.31383
54.171581 68.633563 -17.837926
52.86895 66.624291 -26.092447
55.923463 64.374437 -30.745898
52.654149 62.192824 -36.128436
55.501733 60.155556 -39.02703
53.674174 56.069671 -45.300255
55.549762 52.42052 -49.508106
53.382367 49.442992 -53.036548
54.854823 44.803168 -57.425507
53.442581 39.292581 -62.125475
55.436161 33.982554 -65.342443
52.461235 29.795888 -68.084967
55.520361 22.331721 -70.775994
54.117637 14.836022 -73.156247
56.078337 9.227902 -73.796464
53.413816 2.931151 -74.704115
57.795225 2.328281 66.073559
56.184915 10.969718 65.498943
58.457225 15.240481 64.518743
57.259221 19.327965 63.638743
58.655388 23.626701 62.248168
57.064815 30.06035 59.801062
59.149213 35.381953 56.833871
57.463295 38.563119 54.841491
58.215513 42.554069 51.887075
57.30671 48.073969 47.230338
59.280877 51.481373 43.609359
57.081091 55.058835 39.513634
60.262948 58.038757 35.306887
58.06172 60.787894 30.882741
59.709109 64.021344 23.805942
57.564713 66.038581 19.031972
60.708264 66.885911 15.464774
57.829605 68.202188 10.673377
59.072609 69.102268 4.454921
57.658947 69.669145 -0.528046
58.118366 69.732271 -5.3886
57.188953 68.97969 -14.765867
60.570062 68.231314 -16.554089
55.525632 67.505363 -22.029016
58.028029 65.588521 -27.521192
57.442399 62.459447 -34.482656
60.753345 60.15423 -37.695666
58.51611 54.617244 -46.217178
60.200533 51.568476 -49.62513
57.36871 47.868504 -54.077477
59.252719 43.320001 -57.836769
57.058478 39.887843 -61.039577
59.270205 35.066753 -64.138139
59.325278 29.487944 -67.088427
61.081094 22.192381 -69.969304
57.73422 17.847334 -71.792279
60.355829 9.035078 -73.148926
57.845111 3.405362 -74.057782
63.120054 2.154253 65.978621
60.644131 10.099203 65.392233
62.653673 15.058568 64.489449
61.915501 20.167928 63.294664
63.870597 26.455741 61.052814
60.672406 28.539274 60.277033
62.104105 33.227899 57.899501
62.647512 40.188374 53.485453
62.885874 44.03771 50.446804
61.257848 46.941881 48.084131
63.224864 50.540792 44.407824
61.550337 55.337165 38.646417
65.2421 57.982626 34.586159
60.828207 62.059786 28.113414
65.517891 62.431514 26.257854
62.383313 64.86471 21.26204
63.878301 67.334803 12.691827
62.001167 68.421121 7.806494
63.265259 69.127907 2.008945
61.859595 69.410077 -3.658279
64.63061 69.209207 -7.706308
60.639437 69.212818 -10.798294
63.047531 67.483812 -19.938613
63.091407 65.514232 -25.537107
63.340664 63.943434 -29.326415
61.774627 62.834577 -32.508687
63.809901 58.9868 -39.00259
61.788631 56.332959 -43.195281
64.287064 50.74006 -49.516136
61.395522 47.985374 -53.171086
63.357539 44.071467 -56.60509
62.085017 39.282785 -60.663846
63.005963 32.825019 -64.829176
62.707832 26.269517 -67.977229
64.207314 19.711245 -70.093633
60.267424 14.257682 -72.380236
64.411319 6.739243 -72.752428
62.258041 2.517862 -73.489856
67.822103 2.561354 65.797248
65.39545 11.332339 65.059437
69.327304 13.956439 64.421347
66.458441 17.478882 63.850654
65.344396 22.614258 62.31256
65.864034 30.822084 58.974101
67.119279 34.912131 56.683361
64.320846 37.907944 55.063532
67.243143 43.146345 50.959905
65.674209 47.905612 46.690374
68.361729 51.744287 42.584984
64.008639 53.561506 40.543154
67.72823 56.195719 36.804612
63.499135 60.106983 31.184073
67.426938 63.335138 23.870008
65.26126 65.689328 18.051093
68.681963 66.056562 15.706678
66.075186 67.976321 8.233667
68.674919 68.410185 3.461267
65.960864 68.917695 -0.597878
68.302973 68.724043 -5.700744
64.655758 68.639357 -12.612186
66.949474 67.198136 -18.728925
67.346653 65.658917 -24.027172
68.680027 63.002932 -30.220547
66.040549 61.1438 -34.718004
67.931834 57.738772 -39.719536
64.549571 54.525622 -44.924883
67.74451 53.152443 -45.945567
66.40485 46.895904 -53.077296
67.233885 42.764305 -56.954262
65.149692 37.326105 -61.704025
68.494452 33.947035 -63.027388
66.773873 29.858379 -65.70542
70.289089 22.482935 -67.964119
64.661381 14.236085 -71.438461
67.565043 10.813364 -71.782405
68.404229 2.344442 -72.320349
73.135486 1.315246 65.501404
67.136353 7.101722 65.638415
71.245243 10.107181 65.065141
70.246679 20.102649 63.024055
69.220731 25.456415 61.166037
70.121196 29.261463 59.632042
71.50756 32.949232 57.442236
69.665077 40.225931 52.976659
73.059003 42.738064 50.779188
69.376613 45.855071 48.440746
70.565303 49.617765 44.548255
69.834996 53.91274 39.532568
71.370791 57.878946 33.758069
68.264731 60.163652 30.538487
71.427888 61.474966 27.082729
70.263398 64.71585 19.605912
73.088111 66.412096 12.488893
69.592482 67.115752 10.663458
71.789503 67.70693 5.247359
71.54318 68.213559 -1.260582
70.747209 68.217026 -9.227904
68.33203 67.978882 -14.277024
72.471522 66.860211 -16.820889
71.186726 65.934269 -21.476957
70.740527 64.078783 -27.047472
70.146731 61.003072 -33.790372
72.04931 58.834505 -37.071121
70.523214 56.11252 -41.663606
71.738363 51.45715 -47.093513
69.121403 49.060569 -50.457943
72.122515 43.604984 -54.844158
69.102293 39.784701 -58.95233
72.292517 36.172892 -60.963233
67.549712 25.280712 -67.56001
74.748983 19.032665 -68.276589
68.707868 18.090193 -69.776106
73.807007 10.076594 -70.469777
70.638211 6.454117 -71.580901
77.748336 3.752313 65.16851
72.102985 5.597043 65.501736
75.753107 12.602939 64.463232
73.243012 16.373974 63.644826
73.235093 22.612873 61.964849
74.615114 26.642714 60.235602
75.579787 30.415283 58.446379
71.054036 37.439698 54.89356
76.544054 39.814358 52.872657
73.595235 47.349986 46.553692
75.588322 51.106544 42.279062
74.163245 55.462343 36.873471
77.071485 57.203162 33.718631
73.804708 59.709849 30.291306
75.411158 61.936137 25.16286
73.284754 63.861573 21.388844
75.800361 65.457141 14.939119
75.735277 66.993437 7.431106
76.063443 67.507093 2.091506
73.965329 68.002863 -3.796427
76.066193 67.376153 -7.990952
73.686421 67.359909 -12.432129
76.528648 65.777161 -18.577286
74.79705 64.248075 -24.739119
77.870343 62.631556 -27.39136
74.770615 61.75022 -30.755835
76.820616 57.332594 -38.022597
73.649051 54.470198 -42.943117
75.868626 50.081512 -47.674769
72.454276 46.253237 -52.258517
77.373533 42.30067 -54.904225
74.524775 39.647217 -57.899161
75.185409 32.738268 -62.321971
74.223976 26.011095 -65.78169
77.270413 22.365492 -66.695964
71.544937 14.504305 -70.036081
76.968872 5.90791 -70.423079
74.581431 1.785287 -71.180521
82.080685 5.847037 64.658898
76.370375 8.013613 65.031211
79.829625 14.637049 63.728031
76.887217 18.809228 62.931125
78.302421 22.799024 61.474078
79.94921 26.821799 59.883155
78.755302 33.650676 56.586683
75.382832 35.997121 55.442834
78.384721 42.492288 50.530058
76.969738 45.549074 48.092908
78.834547 49.089267 44.235906
75.747018 53.162411 39.879818
80.767411 55.604083 35.798591
79.219694 59.148567 30.046536
80.381909 60.780228 26.582846
78.655578 62.968792 21.905399
77.608476 64.561223 17.48748
79.430348 66.109362 9.533948
80.989194 66.682019 4.101208
78.971764 67.281738 -0.783647
80.257232 66.862133 -5.484036
79.183068 66.51291 -11.289047
79.480283 65.917092 -15.488291
78.415193 64.530924 -21.774887
80.673556 60.737098 -30.248681
76.585552 59.61442 -34.091461
79.330841 55.791166 -39.074495
77.767856 53.09754 -43.535257
81.079059 50.99076 -44.941281
77.041468 47.566266 -50.069574
80.190024 44.703108 -52.199238
78.316849 36.612227 -59.284724
81.005603 33.591583 -60.500604
78.100509 29.230978 -63.508134
81.00307 17.940754 -67.316436
77.214114 14.606316 -69.089494
79.777072 10.155461 -69.35839
81.40403 1.917529 -69.878892
84.058342 1.780656 64.778705
80.735311 9.894117 64.418957
85.092549 14.116149 63.280648
81.895897 18.435054 62.51939
83.200173 22.64379 61.158856
81.607608 30.164937 58.077546
84.078924 34.285306 55.572339
80.813463 37.594245 53.972631
83.226641 41.015635 51.276867
82.128418 46.699625 46.222726
83.267829 50.126403 42.405874
81.31785 53.100626 39.095337
85.457009 54.916006 35.787033
83.546867 57.790619 31.674086
83.922156 61.479896 24.144516
82.789198 63.595075 18.330726
84.640794 64.222785 14.851437
81.674754 65.35507 11.923217
84.604312 65.860635 6.552083
84.031424 66.531637 -2.822835
84.209934 66.156366 -8.060155
84.037756 65.473684 -12.621567
83.790449 64.341788 -18.441051
82.877156 63.246987 -23.19724
84.121326 61.821055 -25.970406
82.208003 58.515302 -33.782774
85.039566 56.848659 -35.416796
83.360154 53.674271 -40.735921
84.478255 48.954616 -46.214896
82.836635 46.84685 -48.93665
84.504551 42.028041 -53.12975
81.356071 39.44657 -56.264216
86.884373 33.262018 -59.240892
83.625945 29.971036 -61.960861
83.806316 21.368784 -65.548934
83.522775 13.312117 -67.983604
86.703592 8.547535 -68.004503
83.372342 5.927653 -69.063739
88.865359 4.100839 64.25295
85.612991 9.96237 64.059927
90.323919 12.722957 63.159407
87.152531 18.196594 62.188287
88.090589 22.539587 60.734201
87.101348 30.630755 57.41323
89.447648 34.351539 54.952693
86.34193 37.921805 53.04422
88.555152 41.516969 50.074916
84.194995 44.289032 48.34824
87.621816 47.339113 44.778761
86.299252 52.021368 39.656836
88.144006 57.122425 31.680794
86.366518 59.590392 27.621204
90.45657 61.092116 22.444489
86.240119 62.558867 20.400013
91.826433 63.177855 15.146679
88.339389 64.537721 11.724937
89.15811 65.53351 3.21142
85.291998 66.123576 1.020096
90.095457 65.537808 -3.43546
89.70002 64.712963 -10.940802
87.478524 64.271422 -15.814772
87.94078 62.945196 -20.525369
89.346501 60.468696 -26.442429
86.431231 59.66349 -29.742099
87.412109 54.941643 -37.320773
87.196429 51.8193 -41.934979
90.369881 46.871653 -46.658928
87.477404 44.476513 -49.989753
88.455777 39.922584 -53.865425
84.996545 36.940559 -57.249384
89.394281 28.856648 -60.886784
86.493451 25.494474 -63.238658
89.254634 20.385204 -64.496474
86.962041 16.249749 -66.493905
90.269513 10.858206 -66.683149
88.294383 2.115511 -68.153338
92.828629 1.124016 64.016465
89.533847 6.898512 63.997825
93.486521 11.833873 62.828063
91.784581 17.627172 61.880112
92.84796 22.256601 60.291763
92.371289 30.754292 56.632455
94.562488 34.455571 54.033644
91.825666 38.171901 52.10937
94.084326 41.408969 49.166009
89.959867 44.391851 47.135761
93.313919 51.225951 39.029554
91.033753 53.450446 36.599893
92.272854 55.284439 33.575418
92.084752 58.155962 28.764531
91.739249 59.758819 25.167396
91.694265 62.42527 17.780776
96.017241 63.092509 12.53319
89.616636 64.985961 8.409486
94.045919 64.479341 5.045196
92.518231 65.03815 -0.656075
96.15413 64.235847 -5.598083
89.397961 65.379972 -7.122331
93.883155 63.578689 -13.260144
91.340697 61.572664 -22.672364
94.435237 58.629805 -27.77292
89.551886 57.851239 -31.612789
92.758207 55.626391 -33.647535
91.83887 52.697665 -38.763923
95.001181 45.246476 -46.480445
91.926176 42.82494 -50.176088
94.083222 39.296501 -52.639622
90.848642 36.33051 -56.088507
92.443848 32.113553 -58.293682
91.92952 24.068943 -62.493702
94.542862 18.619773 -63.827597
92.22746 15.266723 -65.296549
94.853482 9.702611 -65.744677
92.112029 4.91535 -67.021564
98.79625 2.275422 63.147475
94.655035 6.66694 63.399433
98.270223 11.651339 62.327177
96.07561 17.104222 61.431197
97.630729 21.87158 59.743591
95.134381 26.540414 58.307803
97.484097 30.659484 55.944526
97.167505 37.953409 51.263271
99.746668 40.895845 48.390511
93.766675 46.789029 44.268591
96.578555 48.935996 41.137805
97.918841 52.592134 36.095216
98.283706 54.524946 32.979104
96.941089 56.622056 29.906601
98.313341 58.395858 25.711626
96.397067 60.944546 20.032283
99.307779 61.378349 16.835474
95.816992 63.742112 8.911652
100.247762 63.343906 4.893911
97.394058 64.165201 1.276455
99.372181 63.888424 -2.601038
96.11519 63.927102 -9.125025
100.243498 62.261633 -12.860902
95.759694 61.546529 -19.622724
100.52328 57.596554 -26.713564
96.512985 56.610651 -30.698328
95.591517 53.627281 -35.659276
95.402583 50.556768 -40.051697
96.253129 48.185018 -42.8748
97.501831 41.722372 -49.177904
99.273425 37.851977 -52.133616
96.158871 35.247455 -55.227138
97.73738 30.843509 -57.387959
94.761822 27.453188 -60.078145
97.027447 22.162144 -61.788501
98.512911 12.365614 -64.253424
99.648604 6.477873 -64.764145
95.482308 2.751805 -66.271979
104.160548 2.510119 62.437956
98.918131 6.364701 62.822102
102.141649 11.569893 61.831329
100.306689 17.053049 60.865579
102.314952 22.144337 58.954643
99.752638 26.416583 57.600471
102.568246 30.464253 55.123119
100.084497 34.318155 53.278998
102.856453 37.57369 50.412225
100.245646 46.38043 43.147321
104.203933 47.514672 40.617999
100.878683 50.199803 38.431621
104.047846 52.054443 34.841389
102.600106 56.788996 27.292104
105.341362 57.894133 23.087016
99.037806 59.589481 22.433612
102.023642 61.496539 13.949437
101.773809 62.429531 9.928216
105.302421 62.072228 7.041182
103.742506 62.884979 1.075241
103.55987 62.723633 -5.328626
102.2332 62.744185 -8.963314
100.344806 61.555714 -16.375409
101.186577 59.793249 -21.107282
104.152185 58.075697 -23.705419
103.100294 55.051128 -30.071726
101.642444 53.872108 -32.895575
100.979943 51.556681 -36.482969
101.054546 46.3047 -42.997422
100.723503 43.736811 -45.913109
102.644564 39.860562 -48.910818
101.397691 33.620012 -54.556017
103.024411 29.000637 -56.915561
99.86218 25.941805 -59.331021
101.409168 19.833767 -61.244298
99.710125 15.30879 -63.026717
104.204299 8.330853 -63.195466
100.126383 1.874197 -64.984165
113.91139 3.69987 61.184591
109.791953 5.447306 61.54337
105.726661 11.848965 61.225649
104.329611 17.371039 60.127105
107.104382 22.085463 58.150821
104.954962 26.322731 56.828606
107.825601 30.181892 54.295891
105.106795 33.99939 52.40245
108.424959 37.316629 49.469826
107.44649 44.331119 43.330629
110.14887 46.311987 40.128518
106.974276 49.414561 37.469664
107.939954 52.589925 32.310403
103.578511 54.674224 30.7053
109.454177 55.948941 25.244599
104.59867 59.493853 19.261318
107.544498 59.615017 16.412712
107.924796 60.607224 12.048853
107.830644 61.45077 3.848656
106.705593 62.033917 -1.83672
109.061091 61.148771 -7.278581
106.832936 61.021476 -11.248037
106.728966 60.316739 -14.701287
105.029541 59.630968 -18.370686
109.262693 57.462047 -21.366537
106.652839 55.455737 -27.110493
106.515317 51.188574 -34.269255
101.705976 49.401392 -39.093508
105.965154 46.948432 -40.136418
106.301037 41.604311 -45.970168
108.672898 37.91636 -48.318433
105.111649 36.038317 -51.503724
106.573983 31.793323 -53.980363
104.509192 23.849523 -58.798153
108.782135 21.32602 -58.400086
105.161337 17.627588 -60.882051
111.715452 12.33242 -59.822148
105.638233 2.491511 -63.209683
120.210465 5.65896 59.92777
110.482355 8.412294 61.221069
110.21558 12.792714 60.443602
108.47529 17.443232 59.480019
112.293788 21.837277 57.466693
110.113559 26.171765 56.008041
113.300051 30.004055 53.375679
110.763486 33.820302 51.56529
113.38684 37.639284 48.076998
110.682957 40.986875 45.715378
113.584875 43.178337 42.763588
111.579028 50.069496 34.890127
114.019711 51.951202 30.686141
109.352932 54.552147 28.381117
114.947994 55.250372 23.395949
110.294709 57.518428 20.63857
113.244283 58.6066 14.023293
110.920187 60.226279 9.176263
113.401117 59.871755 6.09452
111.817737 60.66267 0.989823
111.382391 60.539015 -3.985416
112.973365 59.448946 -10.323673
112.839222 58.422845 -14.084261
111.547604 57.999035 -17.662772
111.094733 55.430353 -24.414319
109.230285 52.570339 -30.902938
113.233522 49.777632 -32.890963
108.853899 48.806574 -36.613767
112.144061 45.503458 -38.983571
107.242433 44.031408 -42.959431
112.567319 39.811473 -45.017669
110.557422 34.108095 -50.853932
111.928504 29.667804 -53.157003
108.010343 26.903883 -56.260469
112.622391 19.197636 -57.778372
115.828082 16.286497 -57.533946
111.875045 7.684067 -60.837271
108.702568 4.193066 -62.025074
119.814494 1.830059 60.325671
116.06966 8.70939 60.218288
115.054582 13.258305 59.564465
113.620434 17.518557 58.81164
117.152132 21.797044 56.542089
115.309193 25.974668 55.154149
118.006365 29.804946 52.452167
115.955314 33.709746 50.457821
118.806279 36.231846 47.802247
116.370372 39.933586 45.076244
117.0956 44.511613 40.198834
113.997495 47.48789 37.564937
116.95369 49.621308 33.317491
115.757267 53.383569 27.256494
120.652081 52.74085 25.456945
117.387883 55.805083 20.255615
120.095642 56.523984 15.204893
116.931281 58.152115 11.138499
117.170484 58.997004 3.525884
115.789065 59.344912 -1.131502
118.862011 58.280803 -4.382193
116.089785 58.786821 -7.314567
118.36883 57.056189 -12.031924
115.528734 55.577678 -20.229434
116.808336 53.841826 -23.327284
112.563407 52.990857 -28.173678
117.481485 49.875793 -29.84756
114.947383 47.018021 -35.59781
117.566555 43.562677 -38.477949
113.412366 42.479682 -42.018803
117.88488 37.571804 -44.600242
114.67995 36.008594 -47.567896
116.773469 27.251981 -52.528759
112.713275 24.660105 -55.376906
119.358989 14.712639 -56.56528
116.188066 9.764448 -58.801251
118.989099 7.152535 -58.132319
113.856461 3.027777 -60.382082
125.626674 4.172659 59.200087
121.137963 9.543319 59.21035
119.957434 13.408706 58.802212
118.658024 17.758919 57.914446
122.489958 21.584691 55.703942
120.388791 25.633117 54.213589
123.944216 28.342872 52.1095
121.582039 32.683216 49.930035
122.589045 37.82178 45.411614
120.257597 41.378795 42.636399
122.421452 43.858047 39.018807
119.40882 46.734046 36.495898
122.78364 48.077685 33.192549
119.992543 50.839049 29.670097
122.214991 53.592088 22.344233
122.913241 54.76687 18.182079
123.000671 56.259083 12.244623
119.4383 58.106964 7.977971
123.33815 56.971744 5.250239
121.726482 57.715574 1.25373
123.669127 56.856362 -2.012762
121.480274 56.602647 -8.990785
123.338411 54.748337 -14.246759
121.727755 53.717318 -18.691673
122.66915 51.841769 -21.609249
117.77209 51.78758 -26.453863
119.577713 47.174691 -32.44621
121.308926 44.250764 -35.210744
123.695548 40.707711 -38.114545
118.544869 40.314261 -41.541534
124.029373 34.484584 -44.15759
119.601917 33.484833 -47.175136
121.101458 29.262285 -49.518396
116.9404 21.98332 -54.985974
120.720793 19.804422 -54.24234
122.605337 11.840918 -55.886552
121.9313 3.950463 -57.31597
117.16687 0.8226 -59.28807
123.785473 -0.87555 59.638515
127.33012 8.640525 58.449724
126.144547 12.863162 57.766982
123.826104 16.931502 57.151268
127.542386 19.974495 55.346924
126.79954 24.689855 53.404468
127.550134 30.130582 50.023608
125.7981 34.133664 47.620189
128.112994 37.262558 44.32038
125.984568 40.419529 41.76854
128.833316 42.1232 38.813455
126.059459 45.36883 35.79093
126.812288 48.338988 30.804007
125.771803 50.259311 27.661266
127.890652 52.589347 20.69422
127.523943 54.080737 15.759654
129.167097 54.232132 12.420567
125.83426 55.918882 8.722774
129.272029 55.127891 4.668598
128.036326 55.593953 1.556485
129.284932 54.796527 -2.932189
124.961984 56.01586 -6.026768
126.261327 54.440132 -10.995757
127.387622 51.920528 -17.338269
128.67153 49.377218 -21.272607
124.017411 49.870658 -24.799323
123.429266 48.108462 -28.131127
126.522932 42.832578 -33.755508
128.09727 39.30033 -36.978267
124.419014 37.33873 -41.357594
129.024919 31.918633 -43.510285
125.481778 30.552609 -46.460449
126.318826 26.003032 -49.03496
121.665073 24.639827 -51.931977
129.626019 17.674988 -51.006356
128.403755 13.032297 -53.283163
125.673005 8.314856 -55.172807
125.426552 0.153789 -56.158419
128.928541 0.972808 58.642544
131.598469 6.176269 57.952914
132.185246 11.308345 56.936274
130.134454 15.778531 56.2313
131.58304 21.428055 53.768293
131.306274 25.730548 51.802886
132.375243 29.245013 49.324912
130.914257 33.172448 47.060719
133.409096 35.678469 43.989958
131.991169 39.135149 41.206101
132.564854 42.541639 36.803159
130.494806 45.439196 33.681302
132.381685 47.135497 30.001606
127.998494 51.021053 24.612953
133.193895 50.349114 22.74406
131.643533 52.264204 18.319358
133.8277 52.420934 14.369072
131.510125 54.205587 8.418974
135.644157 52.780356 4.964418
132.469727 53.75298 0.030095
134.634093 52.600216 -4.425931
129.878442 54.041225 -7.26874
131.870929 52.24349 -10.791339
129.425035 51.981542 -14.510649
132.102385 48.983473 -18.916979
128.691293 47.441232 -24.845868
129.234665 45.179847 -28.358459
125.675492 45.211836 -30.854695
132.096739 39.363138 -34.053535
128.674684 35.856362 -40.084369
133.280398 32.177045 -40.698732
130.307659 27.17755 -46.348211
134.652059 27.648756 -43.592462
126.076356 21.486079 -51.237168
134.842012 18.197464 -48.457734
133.563206 13.220011 -50.653009
131.047147 8.515456 -52.953767
128.150886 4.124716 -54.839226
139.097213 3.130653 56.459978
136.224453 7.505953 56.609525
137.416716 12.081428 55.712478
134.459428 16.559092 55.009967
136.532607 20.793978 52.807587
136.754056 24.707759 50.901623
137.754492 28.046753 48.529416
136.378156 31.992718 46.077941
138.771697 35.54266 42.202855
136.944926 38.801563 39.499619
138.890903 40.618436 36.437355
135.894168 43.97491 33.251113
138.560031 45.135366 29.622502
138.027148 47.557592 25.382121
138.151601 49.117242 21.344789
137.351992 50.447708 17.7714
141.317223 49.84202 13.89455
135.470765 52.413648 10.639455
138.621933 51.621693 7.386762
137.125833 52.269065 2.240043
138.586389 51.29666 -1.92452
136.052269 51.161334 -8.300137
142.16824 48.369311 -9.252072
135.139023 49.51081 -14.792566
137.936988 47.121691 -17.159288
134.455572 46.154294 -22.097995
134.345164 43.714314 -26.320737
132.253706 41.762301 -30.976425
138.773193 37.420768 -31.721785
137.881092 35.584205 -34.237742
138.061141 32.178544 -37.747248
138.256108 28.433359 -40.906453
140.090826 23.418676 -42.805751
130.882894 22.559257 -48.48029
139.249334 18.557015 -45.821675
138.39898 13.335018 -48.136051
136.599973 8.554833 -50.235076
133.796538 3.972063 -52.311472
144.39964 2.702504 55.118744
141.862014 7.640046 55.339685
143.178419 11.936905 54.187501
140.024637 16.14171 53.779258
142.215069 19.943716 51.66939
142.873727 23.73873 49.511527
142.977848 27.801852 46.992461
141.62319 31.894433 44.403274
145.698887 32.752453 41.962057
143.169759 36.427162 39.510549
143.960824 38.997038 35.85341
141.477516 42.299872 32.495292
148.238104 42.83818 26.635907
143.01151 46.281566 23.309644
145.371959 46.631526 20.243859
143.090836 48.378698 17.174742
146.526054 47.650058 14.113712
142.046549 50.018348 10.829279
144.999848 49.180555 5.921976
143.373198 49.820491 2.141664
143.63696 49.333006 -1.200314
140.630285 49.871187 -5.878002
146.768533 45.624023 -10.638475
137.890243 49.124984 -12.257096
143.272838 45.203906 -16.183993
139.205509 44.792892 -20.606712
138.437902 43.155556 -24.318429
137.193811 40.437671 -28.867483
143.315314 36.37588 -29.708827
145.009169 33.093167 -32.168211
142.749389 31.785568 -35.055226
142.538598 28.479009 -38.015377
143.274111 24.590234 -40.083933
135.718258 23.1204 -45.667968
146.506407 13.890233 -43.225455
142.611651 13.809674 -45.60078
138.708404 3.549765 -49.759636
143.13832 3.180669 -47.349986
151.823414 4.870822 52.489791
147.231586 6.58906 53.7939
151.04862 15.356264 50.388697
145.961211 15.998785 51.964673
147.85602 20.09049 49.635253
148.083718 24.018168 47.399687
152.119088 26.29427 44.289023
147.113786 28.585714 44.768598
150.343463 31.284856 41.042421
148.832678 34.9019 38.271818
147.806458 38.787782 33.919283
146.374488 41.68412 30.342837
154.603499 39.768159 26.77207
149.518182 43.460617 23.696561
149.895172 44.984858 19.154627
151.873289 44.890009 16.094856
151.215456 45.978149 11.75659
146.623884 48.370357 9.106584
148.066559 47.732736 4.154078
149.260067 46.884313 0.180637
151.431176 45.517395 -2.468534
146.236709 47.653882 -4.394443
147.739723 46.392303 -7.034936
143.843423 46.083082 -13.132076
149.874504 42.451836 -14.239588
143.817781 41.192446 -22.64917
146.144687 38.331308 -25.086908
141.900185 39.539371 -26.751958
148.115009 34.67208 -28.055778
149.516309 30.973824 -30.809894
146.877993 28.276405 -35.025644
147.513263 24.306868 -37.677726
150.335793 19.893407 -38.146679
143.09651 19.051805 -43.166076
149.899964 14.815301 -40.702326
149.136417 8.909816 -42.801715
141.281099 8.415506 -47.674308
151.057658 3.228593 -42.466323
157.135193 -0.264186 50.654821
156.396387 5.384383 50.690281
152.964275 9.829584 51.230714
156.931936 11.084277 49.326109
154.315605 16.649681 48.607693
152.960832 21.512692 47.01436
155.208959 26.952181 42.258978
156.07789 30.01028 39.280838
159.490584 30.17203 36.775778
152.72803 34.278994 36.784686
153.138336 36.296832 33.743506
151.520069 39.328739 30.238589
158.652211 38.169972 25.666611
154.117637 42.011423 22.132414
157.148768 41.564753 19.260458
156.357189 42.845827 15.107347
155.575794 43.793678 10.962045
152.223826 45.797021 7.382383
156.75577 43.447307 4.419257
153.788949 44.736301 2.281524
157.44072 42.407896 -1.258829
154.321338 43.278654 -5.114886
152.281788 43.507194 -8.695029
153.533969 41.530451 -11.857497
149.506987 41.337719 -17.093354
149.091268 39.683472 -20.436146
150.824297 36.830303 -23.184252
152.141013 33.373768 -26.3198
156.197041 31.387062 -24.760886
154.078342 29.055429 -29.182155
151.269322 26.939116 -32.943912
151.939009 23.071674 -35.248912
154.807462 17.638218 -35.984665
146.539797 19.746145 -40.73442
157.635309 11.721796 -36.062641
152.681534 9.037149 -40.542
154.577393 2.608433 -40.169294
157.824994 1.174718 -37.800842
164.128168 0.735208 46.586611
160.78994 3.69998 48.620967
161.260779 8.734325 47.669124
158.850855 15.321774 46.903042
161.533681 17.726437 44.404818
156.910836 21.322702 45.053869
160.615386 22.749998 42.200374
161.451788 25.410571 39.799161
164.759122 28.013089 34.70492
159.227748 32.852898 34.028739
162.027121 33.465909 30.640445
157.015082 36.599295 30.323244
163.507665 34.351859 27.22327
160.521266 38.858769 21.9691
168.646918 35.021417 16.595301
162.136051 39.88709 14.259011
162.118323 40.260845 11.21465
157.847925 42.925833 7.717726
163.246249 39.65471 4.460319
160.301282 40.942635 0.755586
164.918756 37.458944 -2.05795
160.289383 39.846618 -4.388845
158.036171 40.169696 -7.719839
155.65995 38.620956 -15.010603
160.232944 35.044533 -15.478935
154.148944 37.614078 -18.469178
159.060279 33.926559 -18.543514
155.1045 34.62981 -21.564506
159.725573 30.728626 -21.648479
157.722752 26.791142 -27.732281
162.138754 22.10517 -27.088645
155.774603 24.132202 -31.321302
164.647763 16.20551 -28.13187
153.612376 14.064782 -38.437252
159.568166 14.68555 -33.591687
156.150023 7.731457 -38.264454
159.597219 5.486809 -35.840616
162.401316 1.449257 -34.026996
168.648523 3.284398 42.783917
163.81936 11.550391 45.376719
169.618583 9.11619 40.641539
166.640242 13.117668 42.517986
165.571117 18.388316 41.225041
168.611437 18.217294 38.578688
169.3545 22.2334 35.01125
165.22649 24.092954 37.745644
170.988408 24.157031 31.336909
166.519111 29.003832 31.659621
168.363607 30.002106 27.961742
170.178711 30.779444 24.026172
165.316133 34.919281 23.664654
166.904523 35.375091 20.154064
173.285801 31.822543 12.186088
168.43196 35.804784 13.326096
168.551253 36.181778 9.581615
164.137703 39.090445 7.843241
169.210607 35.395168 4.700684
166.492333 37.033686 1.636424
170.664184 33.219679 -0.689013
169.722887 32.961202 -4.091168
164.924554 36.085512 -6.115764
158.774884 38.550781 -10.880505
162.712275 34.693375 -12.662302
168.045124 29.938666 -13.034983
165.826456 29.718533 -15.906017
163.947076 29.571315 -18.398584
168.014681 23.973557 -19.665305
160.322195 27.187617 -24.715319
164.724922 22.646219 -24.266086
159.883311 21.00177 -29.816373
171.722967 14.747651 -22.012177
161.834114 15.988242 -30.982983
166.933627 10.625289 -28.435672
164.275146 10.072828 -30.957631
164.91076 3.953007 -31.68686
166.860347 0.387369 -30.095755
175.36135 0.386348 34.342741
171.973802 3.209569 38.759374
174.256813 6.708252 35.167117
175.831871 10.335497 32.076794
177.300968 12.994954 27.981568
172.582441 16.145878 34.564469
174.101666 18.310961 31.113771
175.516729 20.188221 27.025861
177.021262 20.323375 23.242196
172.346299 25.733418 27.396646
174.238433 26.22664 23.01842
176.472162 24.938548 19.079323
172.014515 30.670288 19.751279
177.216278 26.037667 13.803487
174.157919 29.606837 16.236909
176.454662 28.418582 9.425126
179.87881 22.615377 5.729152
172.942438 32.520844 7.103836
176.14668 28.493486 4.37385
174.09252 30.34206 1.842074
177.646942 25.493051 -0.611857
175.097638 27.814335 -3.337466
171.586172 29.976022 -7.038317
164.05409 35.480199 -8.992715
168.8595 31.037708 -9.986799
173.696337 25.323658 -10.7005
172.250836 24.41647 -13.942915
170.355054 23.947369 -16.800482
175.547898 18.546448 -14.97969
164.019966 26.630015 -21.73274
168.90233 19.838887 -22.107919
167.179326 17.06579 -25.48099
175.037154 13.336223 -18.932005
169.867358 12.093768 -25.122984
173.829183 9.05589 -22.202486
171.110278 6.254883 -25.519055
168.600814 5.300035 -28.184872
173.746175 2.6012 -23.375029
182.00729 1.817336 18.701639
179.707876 4.423862 25.490888
177.961043 4.573929 29.358105
182.947533 4.169937 15.035677
184.00958 3.737974 9.938058
180.887274 8.362322 20.750918
179.1258 12.272652 24.06479
181.74174 11.922863 16.512088
184.121736 5.203443 6.557151
179.45745 17.067488 19.912315
182.77629 11.113524 12.201131
179.521259 20.302452 16.190656
180.770133 18.456047 12.328012
182.809734 13.348158 8.077623
184.366752 5.37179 2.591158
179.773806 22.328391 9.242041
181.536447 -15.610928 -4.647009
183.413943 11.322403 1.387337
180.359996 21.009017 2.168594
183.632007 -10.451121 0.725263
181.638397 17.494549 -0.874569
178.860565 21.783051 -4.521198
181.950974 14.26031 -4.198836
175.723005 24.794679 -7.355561
183.847815 7.530548 -2.4227
179.505282 17.931783 -7.884297
177.17192 19.746151 -11.132376
182.016934 10.780682 -7.635866
179.951861 13.419154 -11.204163
172.803694 18.492805 -18.469244
177.999174 13.431443 -14.813265
183.66709 4.362166 -5.672143
181.469318 6.757284 -11.517257
177.588887 8.913035 -17.286925
184.467532 0.665932 -1.490766
180.397798 5.15154 -14.364332
182.960339 1.888831 -8.827735
178.712625 1.26453 -17.366715
43.564362 42.653343 -61.244002
-192.075261 20.291014 25.288014
124.760786 16.675521 -53.52703
108.542054 14.635229 -60.511753
62.264086 6.305297 65.881617
-29.051049 49.705207 -55.753633
-178.259215 6.804605 -30.268456
115.716461 31.809517 -50.108631
-131.32709 14.719814 -52.530811
-33.990673 41.273026 52.201512
-205.424046 5.974726 -3.479049
-85.685001 14.517587 -67.359569
132.906152 48.715471 26.830882
118.302047 56.139793 -16.222244
-76.626676 63.357683 -24.286963
134.125584 2.007259 57.653465
-22.539604 7.842389 -77.573459
11.6073 27.205266 -72.897036
32.547505 60.98293 -41.1647
49.893383 68.406295 11.917656
34.529397 58.198374 -45.154037
59.286576 67.028497 -22.827331
-7.433609 56.24508 39.302253
71.719175 29.682942 -64.733278
-5.52792 23.126282 62.898165
28.111362 54.41765 41.751339
171.571403 12.182488 37.496876
114.268765 57.455131 17.357544
-80.622364 55.800858 30.978449
24.04728 14.599697 -76.223999
-158.696243 19.022692 -38.167605
-104.299237 43.051531 42.355529
104.057041 6.1845 62.23971
52.404933 2.558721 66.057559
-94.480355 -61.160242 12.156545
10.862839 52.588394 -54.11815
-30.893305 44.128641 -60.805717
144.013479 43.043698 -19.135967
-93.226048 43.913101 43.848766
-177.067419 17.780905 37.399612
-20.407484 65.482717 -34.225181
176.193711 4.922201 -20.26341
156.710312 20.045634 -33.276941
10.860967 15.824392 -76.449681
46.337195 57.046107 37.478849
89.752081 49.441556 41.941782
-168.407491 40.775174 -3.42865
-201.815841 9.21218 20.396209
4.351588 39.274218 55.420629
-197.82811 15.98957 21.78151
-32.521085 64.736323 -33.913779
-131.253693 12.332474 54.060068
96.435525 44.033184 46.332608
34.976521 63.417821 -36.70482
-197.034655 22.322068 16.136106
143.063331 44.605589 27.373041
90.139451 49.272411 -43.573439
145.228669 8.405392 -45.385296
85.138897 26.702201 59.432579
-54.912673 15.285637 62.948274
-72.761039 25.119837 58.611965
-9.690439 34.966933 57.439496
14.10654 21.098268 -75.068801
90.270547 26.864689 58.796797
96.180173 59.87877 -24.142225
-17.785596 51.463721 44.209262
105.525879 40.523803 47.345754
-24.006471 59.055364 -45.074773
-128.536771 54.16955 -10.645963
19.423726 14.763011 -76.376032
52.475438 60.057099 32.599698
57.129466 57.855582 -42.322238
161.651502 8.789539 -33.711179
93.152458 62.910724 -16.815479
81.151117 25.432339 -64.594729
133.672091 35.48604 -37.211606
182.759622 14.676888 5.082493
-10.887773 56.706716 -48.985619
36.8629 33.124797 58.655219
104.940541 11.246367 -62.435686
-30.013897 40.878102 52.513436
-3.383546 48.057702 -58.57654
-140.486029 48.927695 -16.258192
-149.884498 23.399845 45.655679
-116.435212 7.202027 57.70756
-167.324582 35.262993 28.042638
-157.507275 2.794958 -43.13371
-31.789572 12.584736 -76.21756
102.784904 43.672961 45.346139
-94.928068 8.220696 -65.558945
-113.785097 52.766564 -28.447513
148.156212 11.176606 52.651103
-207.193966 -6.886792 2.847516
22.576576 66.24999 22.158076
6.486678 44.514291 51.602787
45.642485 36.814376 56.227981
-81.857703 16.90645 60.562895
-115.32057 2.086751 58.15272
-45.986662 46.752383 -56.402833
-85.647865 1.864139 62.141162
55.983958 26.983726 -68.765606
162.45211 38.930705 17.721964
-72.495853 52.810697 -45.343547
11.821426 7.269602 -78.022682
-154.794931 23.091028 44.145485
-134.950076 27.866015 47.146863
-91.240735 51.304696 35.675701
11.035405 6.983842 66.431611
-16.754806 63.306474 27.299752
166.074792 5.71783 44.866596
-118.396337 33.403262 -48.864773
-20.054276 3.220607 -78.112121
-0.246071 21.243354 63.682916
